1421533319824 -598 1 -0.35871887 8.287582 5.1153107 0
1421533319824 -599 4 0.0033874512 -0.16036987 0.098846436 0
1421533319825 -599 11 0.2351435 -0.4264542 -0.78182197 1
1421533319825 -647 2 -17.459106 -41.69922 -11.338806 1
1421533319826 -531 1 -0.16531372 8.417709 5.4055176 0
1421533319826 -532 4 0.052337646 0.06500244 0.06484985 0
1421533319826 -532 11 0.23294465 -0.4283167 -0.7807457 1
1421533319827 -581 2 -17.399597 -41.578674 -11.999512 1
1421533319827 -464 1 -0.034988403 8.434174 5.184143 0
1421533319827 -465 4 0.022979736 0.004470825 0.03227234 0
1421533319828 -515 2 -17.399597 -41.578674 -12.179565 1
1421533319828 -465 11 0.23355278 -0.42925957 -0.77913815 1
1421533319829 -396 1 -0.11592102 8.340942 5.1702576 0
1421533319829 -397 4 0.055541992 0.016036987 0.022827148 0
1421533319829 -445 2 -17.399597 -41.519165 -12.359619 1
1421533319830 -397 11 0.23392113 -0.43029326 -0.77801 1
1421533319830 -329 1 -0.2214508 8.299088 5.164505 0
1421533319831 -330 4 0.045043945 0.0035858154 0.03137207 0
1421533319831 -380 2 -17.819214 -41.39862 -12.478638 1
1421533319832 -330 11 0.23458983 -0.4314693 -0.7767162 1
1421533319833 -42 2 -18.418884 -41.578674 -11.938477 1
1421533319833 5 1 -0.0034484863 8.389343 5.2242126 0
1421533319834 4 4 0.005706787 0.014434814 0.017318726 0
1421533319834 4 11 0.23325786 -0.43579805 -0.7726804 1
1421533319897 22 2 -18.418884 -41.33911 -11.938477 1
1421533319898 72 1 -0.06752014 8.409378 5.171646 0
1421533319899 71 4 0.019943237 0.027618408 0.027999878 0
1421533319900 71 11 0.2326084 -0.43573028 -0.77272844 1
1421533319962 88 2 -18.418884 -41.279602 -11.819458 1
1421533319966 140 1 -0.077041626 8.411758 5.1305847 0
1421533319967 139 4 9.0026855E-4 -0.0119018555 -3.0517578E-4 0
1421533319968 139 11 0.23211734 -0.43575013 -0.7727575 1
1421533319999 179 5 2.0 0.0 0.0 0
1421533320061 158 2 -18.359375 -41.33911 -11.759949 1
1421533320062 207 1 -0.048675537 8.397079 5.28154 0
1421533320062 206 4 0.027252197 0.033309937 0.015533447 0
1421533320063 206 11 0.23085867 -0.43555054 -0.77361935 1
1421533320096 223 2 -18.418884 -41.218567 -11.698914 1
1421533320099 274 1 0.1375885 8.502014 5.2023926 0
1421533320100 273 4 0.006958008 1.5258789E-5 0.0036010742 0
1421533320101 273 11 0.22933386 -0.43634516 -0.7737641 1
1421533320162 290 2 -18.359375 -41.218567 -11.698914 1
1421533320166 341 1 0.209198 8.4913025 5.078415 0
1421533320166 340 4 0.054656982 -0.055511475 0.013046265 0
1421533320168 340 11 0.22873242 -0.43765527 -0.7732883 1
1421533320244 359 2 -18.598938 -41.33911 -11.579895 1
1421533320245 408 1 0.26553345 8.456985 4.9589996 0
1421533320245 407 4 0.017807007 -0.11087036 -0.0143585205 0
1421533320246 407 11 0.22693989 -0.43981835 -0.77320695 1
1421533320296 425 2 -18.539429 -41.218567 -11.399841 1
1421533320301 475 1 0.07926941 8.41156 4.928055 0
1421533320301 474 4 -0.015838623 -0.13650513 -0.10070801 0
1421533320302 474 11 0.22473793 -0.4410208 -0.7746614 1
1421533320304 484 5 3.0 0.0 0.0 0
1421533320362 491 2 -18.659973 -40.979004 -11.279297 1
1421533320367 542 1 0.090774536 8.493286 5.436661 0
1421533320368 541 4 0.05393982 -0.14932251 -0.045333862 0
1421533320369 541 11 0.22204381 -0.4425987 -0.7766277 1
1421533320446 561 2 -18.719482 -41.09955 -10.798645 1
1421533320447 610 1 0.010040283 8.470871 4.994705 0
1421533320448 609 4 0.11054993 -0.16481018 -0.07649231 0
1421533320449 609 11 0.22012307 -0.44618717 -0.77720666 1
1421533320452 631 5 4.0 0.0 0.0 0
1421533320496 626 2 -18.719482 -41.218567 -10.618591 1
1421533320502 677 1 0.051498413 8.395889 4.9290466 0
1421533320503 676 4 0.0418396 -0.13917542 -0.07649231 0
1421533320505 676 11 0.21841712 -0.44941917 -0.77803916 1
1421533320563 692 2 -18.659973 -41.159058 -10.319519 1
1421533320569 744 1 -0.06295776 8.391922 5.082184 0
1421533320570 743 4 -0.068878174 -0.17514038 -0.11512756 0
1421533320571 743 11 0.21575025 -0.45006162 -0.78057516 1
1421533320604 783 5 5.0 0.0 0.0 0
1421533320684 762 2 -18.418884 -41.33911 -9.959412 1
1421533320685 811 1 0.0715332 8.461548 5.0819855 0
1421533320686 810 4 0.028320313 -0.17514038 -0.06295776 0
1421533320690 810 11 0.21225575 -0.45091912 -0.7832276 1
1421533320696 828 2 -18.47992 -41.519165 -9.719849 1
1421533320707 878 1 0.20721436 8.485748 5.1686707 0
1421533320711 877 4 0.018173218 -0.19151306 -0.07702637 0
1421533320711 877 11 0.20854104 -0.45317885 -0.7851223 1
1421533320754 934 5 6.0 0.0 0.0 0
1421533320762 894 2 -18.47992 -41.63971 -9.47876 1
1421533320770 945 1 0.10386658 8.504593 5.0688934 0
1421533320771 944 4 0.018341064 -0.19882202 -0.09376526 0
1421533320773 944 11 0.2049601 -0.45528522 -0.7872021 1
1421533320838 964 2 -18.719482 -41.69922 -9.059143 1
1421533320840 1012 1 -0.3763733 8.577393 5.437851 0
1421533320840 1011 4 0.015319824 -0.190979 -0.096069336 0
1421533320841 1011 11 0.20194408 -0.45675442 -0.78955305 1
1421533320895 1029 2 -18.47992 -41.879272 -8.758545 1
1421533320905 1080 1 0.002105713 8.476227 5.148636 0
1421533320906 1079 4 0.059631348 -0.06333923 -0.0440979 0
1421533320907 1079 11 0.20018433 -0.45849338 -0.7907164 1
1421533320908 1088 5 7.0 0.0 0.0 0
1421533320962 1095 2 -18.179321 -41.999817 -8.578491 1
1421533320972 1147 1 0.34884644 8.428421 4.932022 0
1421533320973 1146 4 0.069244385 -0.082214355 -0.048721313 0
1421533320974 1146 11 0.19940926 -0.4607745 -0.79076976 1
1421533321065 1165 2 -17.939758 -42.059326 -8.21991 1
1421533321066 1214 1 0.003692627 8.340149 4.6703796 0
1421533321066 1213 4 0.039535522 -0.097351074 -0.08004761 0
1421533321067 1213 11 0.19900167 -0.46273473 -0.791069 1
1421533321067 1236 5 8.0 0.0 0.0 0
1421533321096 1231 2 -17.819214 -41.93878 -7.6797485 1
1421533321108 1281 1 -0.04133606 8.510941 5.004822 0
1421533321108 1280 4 0.00819397 -0.12387085 -0.06402588 0
1421533321110 1280 11 0.19761124 -0.463908 -0.79228956 1
1421533321162 1297 2 -17.759705 -41.819763 -7.4386597 1
1421533321174 1348 1 0.033447266 8.58374 5.108963 0
1421533321175 1347 4 0.018173218 -0.08950806 -0.06474304 0
1421533321177 1347 11 0.19590403 -0.46480712 -0.79362226 1
1421533321208 1388 5 9.0 0.0 0.0 0
1421533321276 1367 2 -17.518616 -41.819763 -7.1395874 1
1421533321279 1415 1 -0.014160156 8.630157 4.8804474 0
1421533321332 1414 4 0.014785767 -0.10536194 -0.036087036 0
1421533321332 1414 11 0.19454665 -0.46588328 -0.7944528 1
1421533321333 1432 2 -17.219543 -41.999817 -7.019043 1
1421533321333 1482 1 0.04019165 8.532166 4.8211365 0
1421533321334 1481 4 0.041488647 -0.06440735 -0.076309204 0
1421533321334 1481 11 0.19361235 -0.4671253 -0.7951226 1
1421533321358 1538 5 10.0 0.0 0.0 0
1421533321362 1498 2 -16.918945 -42.23938 -6.9595337 1
1421533321375 1549 1 0.083236694 8.502213 4.953247 0
1421533321375 1548 4 0.02279663 -0.07081604 -0.080947876 0
1421533321377 1548 11 0.19325571 -0.4680848 -0.7960401 1
1421533321439 1568 2 -16.799927 -42.419434 -6.6589355 1
1421533321442 1617 1 0.055267334 8.506973 5.007004 0
1421533321443 1616 4 0.030807495 -0.09111023 -0.08842468 0
1421533321444 1616 11 0.1925162 -0.46896547 -0.7972466 1
1421533321495 1633 2 -16.619873 -42.539978 -6.539917 1
1421533321509 1684 1 0.03265381 8.503006 5.004822 0
1421533321510 1683 4 0.03276062 -0.117111206 -0.049972534 0
1421533321511 1683 11 0.19097751 -0.47030583 -0.79835063 1
1421533321512 1692 5 11.0 0.0 0.0 0
1421533321562 1700 2 -16.619873 -42.718506 -6.4193726 1
1421533321576 1751 1 -0.004638672 8.586319 4.7667847 0
1421533321577 1750 4 0.006591797 -0.11550903 -0.055847168 0
1421533321579 1750 11 0.18905191 -0.47166878 -0.7992724 1
1421533321665 1769 2 -16.43982 -42.959595 -6.3598633 1
1421533321667 1818 1 -0.081207275 8.558548 4.814392 0
1421533321668 1817 4 -0.017608643 -0.07206726 -0.049438477 0
1421533321669 1817 11 0.18751687 -0.47203153 -0.80046797 1
1421533321670 1840 5 10.0 0.0 0.0 0
1421533321696 1835 2 -16.319275 -43.199158 -6.4193726 1
1421533321711 1885 1 -0.04034424 8.541489 5.0520325 0
1421533321712 1884 4 -0.005859375 -0.11746216 -0.06385803 0
1421533321713 1884 11 0.18566638 -0.47210225 -0.80201596 1
1421533321762 1901 2 -16.259766 -43.258667 -6.059265 1
1421533321778 1952 1 0.21098328 8.669037 4.7493286 0
1421533321780 1951 4 0.016921997 -0.1028595 -0.0042266846 0
1421533321780 1951 11 0.18315655 -0.4733052 -0.80288976 1
1421533321812 1992 5 7.0 0.0 0.0 0
1421533321851 1971 2 -16.018677 -43.13965 -5.758667 1
1421533321852 2019 1 0.2119751 8.6388855 5.0607605 0
1421533321853 2018 4 0.038635254 -0.09324646 -0.070617676 0
1421533321853 2018 11 0.1809568 -0.47474888 -0.80366325 1
1421533321896 2036 2 -15.838623 -43.13965 -5.4595947 1
1421533321917 2087 1 -0.06712341 8.43338 4.7306824 0
1421533321918 2086 4 0.022613525 -0.087371826 -0.13737488 0
1421533321919 2086 11 0.18061268 -0.4757399 -0.80480385 1
1421533321963 2103 2 -15.779114 -43.258667 -5.279541 1
1421533321965 2142 5 4.0 0.0 0.0 0
1421533321981 2154 1 -0.22502136 8.406403 5.1662903 0
1421533321982 2153 4 -0.08721924 0.025115967 -0.04586792 0
1421533321984 2153 11 0.18086381 -0.4741713 -0.80675393 1
1421533322086 2173 2 -15.838623 -43.319702 -5.279541 1
1421533322088 2221 1 0.20126343 8.533951 4.7263184 0
1421533322090 2220 4 0.027954102 -0.07206726 -0.04196167 0
1421533322091 2220 11 0.18034121 -0.4734722 -0.8077795 1
1421533322096 2238 2 -15.658569 -43.258667 -5.1589966 1
1421533322114 2288 1 -0.1454773 8.387955 5.073059 0
1421533322115 2287 4 -0.020645142 -0.10179138 -0.06794739 0
1421533322117 2287 11 0.17879626 -0.4737817 -0.8090386 1
1421533322118 2297 5 2.0 0.0 0.0 0
1421533322163 2304 2 -15.658569 -43.319702 -5.218506 1
1421533322180 2355 1 0.087402344 8.618851 5.0829773 0
1421533322182 2354 4 0.0140686035 -0.110702515 -0.059936523 0
1421533322183 2354 11 0.1765367 -0.47424772 -0.81054497 1
1421533322253 2374 2 -15.539551 -43.258667 -4.9194336 1
1421533322254 2422 1 0.13639832 8.606354 4.879257 0
1421533322255 2421 4 0.04220581 -0.10197449 -0.05192566 0
1421533322255 2421 11 0.17452721 -0.47574598 -0.8113282 1
1421533322296 2439 2 -15.419006 -43.319702 -4.9194336 1
1421533322315 2489 1 0.02015686 8.5190735 4.9306335 0
1421533322316 2488 4 0.04307556 -0.12849426 -0.08682251 0
1421533322317 2488 11 0.17272405 -0.47748536 -0.81211555 1
1421533322362 2505 2 -15.359497 -43.499756 -5.0994873 1
1421533322383 2557 1 0.055664063 8.604965 4.886795 0
1421533322384 2556 4 0.037399292 -0.13348389 -0.06706238 0
1421533322385 2556 11 0.17060433 -0.4793054 -0.81302744 1
1421533322481 2575 2 -15.179443 -43.618774 -5.039978 1
1421533322483 2624 1 -0.069503784 8.53653 4.8439484 0
1421533322489 2623 4 0.026885986 -0.1308136 -0.09927368 0
1421533322491 2623 11 0.16867132 -0.48078266 -0.8140882 1
1421533322496 2640 2 -14.99939 -43.67981 -4.978943 1
1421533322516 2691 1 -0.16610718 8.542877 4.938965 0
1421533322518 2690 4 0.03401184 -0.10108948 -0.10479736 0
1421533322519 2690 11 0.16751145 -0.48182684 -0.81530017 1
1421533322562 2707 2 -14.759827 -43.67981 -4.6188354 1
1421533322583 2758 1 -0.10461426 8.517883 4.8586273 0
1421533322584 2757 4 0.032058716 -0.10606384 -0.096069336 0
1421533322586 2757 11 0.16656807 -0.48291093 -0.8163539 1
1421533322655 2776 2 -14.4592285 -43.919373 -4.258728 1
1421533322657 2825 1 -0.3396759 8.387161 4.9627686 0
1421533322658 2824 4 0.0594635 -0.05319214 -0.11476135 0
1421533322659 2824 11 0.166639 -0.48385093 -0.8172053 1
1421533322696 2842 2 -14.099121 -44.158936 -3.8986206 1
1421533322718 2892 1 0.030273438 8.706131 4.9736786 0
1421533322719 2891 4 0.00819397 -0.08453369 -0.023269653 0
1421533322720 2891 11 0.16572666 -0.4848953 -0.8178508 1
1421533322721 2901 5 1.0 0.0 0.0 0
1421533322762 2908 2 -13.798523 -44.3985 -3.6590576 1
1421533322785 2959 1 -0.139328 8.543076 4.799515 0
1421533322786 2958 4 0.044143677 -0.09075928 -0.017745972 0
1421533322787 2958 11 0.16381022 -0.4861042 -0.81819135 1
1421533322888 2978 2 -13.679504 -44.639587 -3.3599854 1
1421533322890 3027 1 0.08680725 8.667648 4.8740997 0
1421533322891 3026 4 0.006958008 -0.107666016 -0.024337769 0
1421533322892 3026 11 0.16118579 -0.48749688 -0.8186796 1
1421533322896 3043 2 -13.439941 -44.459534 -2.8793335 1
1421533322920 3094 1 -0.09033203 8.5789795 4.8919525 0
1421533322922 3093 4 0.052337646 -0.09094238 -0.04890442 0
1421533322923 3093 11 0.15909041 -0.48875755 -0.81925 1
1421533322962 3110 2 -13.139343 -44.459534 -2.6397705 1
1421533322987 3161 1 -0.12345886 8.550018 4.6039276 0
1421533322989 3160 4 0.027786255 -0.118881226 0.00894165 0
1421533322993 3160 11 0.15692344 -0.49057284 -0.8193335 1
1421533323056 3180 2 -12.838745 -44.33899 -2.3986816 1
1421533323057 3228 1 0.07609558 8.636902 4.947693 0
1421533323057 3227 4 -0.008361816 -0.1133728 -0.054595947 0
1421533323058 3227 11 0.15368134 -0.4915288 -0.82026345 1
1421533323096 3245 2 -12.658691 -44.519043 -2.3986816 1
1421533323121 3295 1 0.054275513 8.66011 4.9431305 0
1421533323122 3294 4 0.038635254 -0.13562012 -0.047836304 0
1421533323124 3294 11 0.15078057 -0.49253562 -0.8213525 1
1421533323163 3311 2 -12.658691 -44.3985 -2.279663 1
1421533323188 3362 1 -0.03816223 8.554779 5.0651245 0
1421533323189 3361 4 0.027786255 -0.12120056 -0.038391113 0
1421533323190 3361 11 0.14785762 -0.4939054 -0.82218003 1
1421533323260 3381 2 -12.779236 -44.33899 -2.218628 1
1421533323261 3429 1 -0.09291077 8.396484 4.7209625 0
1421533323262 3428 4 0.0665741 -0.083099365 -0.028778076 0
1421533323263 3428 11 0.14592572 -0.49560615 -0.82234883 1
1421533323296 3446 2 -12.658691 -44.27948 -2.1591187 1
1421533323324 3497 1 -0.10183716 8.514114 4.6850586 0
1421533323325 3495 4 -0.006225586 -0.0640564 -0.028778076 0
1421533323325 3495 11 0.14465247 -0.4966756 -0.8225453 1
1421533323362 3512 2 -12.359619 -44.21997 -1.979065 1
1421533323391 3564 1 0.16635132 8.760681 4.9500732 0
1421533323392 3563 4 -0.022949219 -0.0920105 0.0057373047 0
1421533323393 3563 11 0.1420663 -0.4966762 -0.82351756 1
1421533323487 3582 2 -12.239075 -44.3985 -2.0385742 1
1421533323488 3631 1 0.23339844 8.717636 4.8304596 0
1421533323488 3630 4 0.0035705566 -0.087371826 -0.032165527 0
1421533323489 3630 11 0.13921927 -0.49698886 -0.8244016 1
1421533323496 3648 2 -12.539673 -44.27948 -1.9195557 1
1421533323524 3698 1 0.06300354 8.622025 4.9409485 0
1421533323526 3697 4 0.008911133 -0.061920166 -0.101242065 0
1421533323527 3697 11 0.1380007 -0.49716708 -0.82542235 1
1421533323562 3714 2 -12.599182 -44.3985 -1.8585205 1
1421533323590 3765 1 -0.0460968 8.419891 4.6410217 0
1421533323591 3764 4 0.032058716 -0.06832886 -0.09109497 0
1421533323592 3764 11 0.13792263 -0.49761093 -0.82621956 1
1421533323649 3783 2 -12.478638 -44.33899 -1.3793945 1
1421533323659 3832 1 0.079071045 8.595642 4.8473206 0
1421533323660 3831 4 -0.001953125 -0.08274841 -0.02166748 0
1421533323663 3831 11 0.13652918 -0.49814305 -0.8269565 1
1421533323696 3849 2 -12.298584 -44.33899 -1.3198853 1
1421533323727 3899 1 0.13044739 8.661102 4.932617 0
1421533323728 3898 4 -0.017440796 -0.10803223 -0.023620605 0
1421533323731 3898 11 0.13375223 -0.49827665 -0.82796663 1
1421533323763 3915 2 -11.878967 -44.27948 -1.1398315 1
1421533323796 3967 1 0.2141571 8.733505 4.8211365 0
1421533323799 3965 4 0.024398804 -0.086135864 -0.07168579 0
1421533323800 3965 11 0.13137482 -0.4988209 -0.8288615 1
1421533323893 3985 2 -11.698914 -44.459534 -0.8987427 1
1421533323894 4034 1 0.05744934 8.634918 4.9720917 0
1421533323895 4033 4 0.020843506 -0.114974976 -0.118499756 0
1421533323896 4033 11 0.12992558 -0.4994856 -0.82990307 1
1421533323897 4051 2 -11.819458 -44.33899 -1.0787964 1
1421533323927 4101 1 -0.054031372 8.565491 4.658081 0
1421533323928 4100 4 0.054656982 -0.10731506 -0.0791626 0
1421533323929 4100 11 0.12872517 -0.50074667 -0.8305255 1
1421533323963 4117 2 -11.639404 -44.578552 -1.0192871 1
1421533323993 4168 1 0.035827637 8.545654 4.5460052 0
1421533323994 4167 4 0.018707275 -0.10873413 -0.055130005 0
1421533323995 4167 11 0.12695767 -0.50218284 -0.830875 1
1421533324070 4187 2 -11.279297 -44.699097 -0.7797241 1
1421533324071 4235 1 0.18023682 8.787262 4.7818604 0
1421533324071 4234 4 0.03276062 -0.20237732 -0.04586792 0
1421533324072 4234 11 0.123182476 -0.5036641 -0.83159447 1
1421533324096 4252 2 -11.039734 -44.639587 -0.71868896 1
1421533324129 4302 1 -0.23712158 8.58374 4.7203674 0
1421533324130 4301 4 0.0879364 -0.1724701 -0.109954834 0
1421533324132 4301 11 0.11995085 -0.5059321 -0.8319759 1
1421533324163 4318 2 -10.919189 -44.758606 -0.6591797 1
1421533324196 4369 1 -0.034988403 8.639282 4.651932 0
1421533324204 4368 4 0.09844971 -0.17388916 -0.06776428 0
1421533324206 4368 11 0.11717483 -0.50906134 -0.8317891 1
1421533324273 4388 2 -10.739136 -44.758606 -0.6591797 1
1421533324274 4437 1 -0.13456726 8.599808 4.868744 0
1421533324275 4436 4 -0.010314941 -0.0010528564 -0.07507324 0
1421533324275 4436 11 0.116203405 -0.5101067 -0.83210415 1
1421533324295 4453 2 -10.618591 -44.87915 -0.5996704 1
1421533324330 4504 1 0.15068054 8.708313 4.644394 0
1421533324331 4503 4 -0.008361816 -0.03414917 -0.055480957 0
1421533324331 4503 11 0.11633812 -0.50960463 -0.83287704 1
1421533324362 4520 2 -10.438538 -44.758606 -0.47912598 1
1421533324396 4571 1 -0.019515991 8.620636 4.766983 0
1421533324398 4570 4 0.005706787 -0.06210327 -0.04711914 0
1421533324399 4570 11 0.115632474 -0.50937676 -0.8336142 1
1421533324459 4589 2 -10.198975 -44.93866 -0.23956299 1
1421533324463 4638 1 0.090774536 8.72081 4.678711 0
1421533324465 4637 4 0.034194946 -0.09965515 -0.058151245 0
1421533324466 4637 11 0.11400247 -0.5100825 -0.8340599 1
1421533324495 4655 2 -9.899902 -44.93866 0.059509277 1
1421533324531 4705 1 0.14294434 8.7243805 4.379181 0
1421533324531 4704 4 0.05696106 -0.15182495 -0.060287476 0
1421533324533 4704 11 0.111428164 -0.5119618 -0.8341035 1
1421533324562 4721 2 -9.838867 -45.059204 0.17852783 1
1421533324597 4772 1 0.06161499 8.689468 4.5743713 0
1421533324598 4771 4 -0.001953125 -0.11390686 -0.049972534 0
1421533324599 4771 11 0.108538345 -0.51316124 -0.83456415 1
1421533324644 4790 2 -9.779358 -45.359802 0.53863525 1
1421533324665 4839 1 0.014007568 8.637299 4.7088623 0
1421533324666 4838 4 -0.028121948 -0.15733337 -0.104263306 0
1421533324667 4838 11 0.105712496 -0.51295966 -0.8359524 1
1421533324695 4856 2 -9.47876 -45.359802 0.53863525 1
1421533324734 4907 1 -0.11810303 8.595444 4.830063 0
1421533324736 4905 4 -0.0010528564 -0.13116455 -0.062423706 0
1421533324737 4905 11 0.102931194 -0.5126357 -0.83742356 1
1421533324763 4923 2 -9.298706 -45.359802 0.7797241 1
1421533324800 4974 1 0.026901245 8.6978 4.629318 0
1421533324801 4973 4 -0.037368774 -0.20558167 -0.004760742 0
1421533324806 4973 11 0.09850979 -0.51272863 -0.8386077 1
1421533324891 4992 2 -9.298706 -45.41931 0.8392334 1
1421533324895 5041 1 0.029281616 8.633331 4.9322205 0
1421533324896 5040 4 0.009628296 -0.17514038 0.02229309 0
1421533324897 5040 11 0.09274461 -0.51293796 -0.83969605 1
1421533324898 5058 2 -9.118652 -45.41931 0.8392334 1
1421533324933 5108 1 0.20423889 8.689072 4.5190277 0
1421533324934 5107 4 0.003921509 -0.15930176 0.0073394775 0
1421533324936 5107 11 0.08761012 -0.514002 -0.8400462 1
1421533324962 5124 2 -8.81958 -45.599365 1.0787964 1
1421533325000 5175 1 0.27723694 8.662491 4.887787 0
1421533325001 5174 4 0.025817871 -0.190094 -0.08503723 0
1421533325002 5174 11 0.08294278 -0.5148519 -0.84077597 1
1421533325039 5193 2 -8.699036 -45.539856 1.3198853 1
1421533325068 5242 1 -0.052642822 8.647018 4.776108 0
1421533325068 5241 4 0.003753662 -0.11746216 -0.12188721 0
1421533325070 5241 11 0.08062697 -0.51537156 -0.84162146 1
1421533325095 5259 2 -8.518982 -45.41931 1.499939 1
1421533325135 5309 1 0.026306152 8.737473 4.752701 0
1421533325135 5308 4 0.016738892 -0.099487305 -0.089660645 0
1421533325137 5308 11 0.07944199 -0.51561755 -0.8423765 1
1421533325162 5325 2 -8.279419 -45.239258 1.499939 1
1421533325202 5377 1 0.108428955 8.696213 4.977844 0
1421533325205 5375 4 0.031158447 -0.07775879 -0.112091064 0
1421533325206 5375 11 0.07848402 -0.51599 -0.84296393 1
1421533325268 5395 2 -8.099365 -45.17975 1.6189575 1
1421533325272 5444 1 0.008850098 8.601791 4.6426086 0
1421533325272 5443 4 0.05482483 -0.085235596 -0.072753906 0
1421533325273 5443 11 0.077917926 -0.51707566 -0.8429765 1
1421533325296 5461 2 -7.9193115 -45.17975 1.8585205 1
1421533325337 5511 1 0.10644531 8.66626 4.5955963 0
1421533325340 5510 4 0.021911621 -0.0920105 -0.07595825 0
1421533325340 5510 11 0.07663017 -0.51817673 -0.84297675 1
1421533325362 5527 2 -7.4386597 -45.239258 1.979065 1
1421533325403 5578 1 0.04019165 8.700577 4.861603 0
1421533325404 5577 4 0.015136719 -0.09378052 -0.09072876 0
1421533325406 5577 11 0.07526866 -0.5184827 -0.8435021 1
1421533325469 5596 2 -7.319641 -45.298767 2.3391724 1
1421533325472 5645 1 0.18301392 8.77417 4.6301117 0
1421533325473 5644 4 0.041671753 -0.09628296 -0.07791138 0
1421533325474 5644 11 0.07369502 -0.5193156 -0.84371877 1
1421533325498 5662 2 -6.8389893 -45.359802 2.3391724 1
1421533325538 5712 1 -0.070892334 8.560532 4.6001587 0
1421533325540 5711 4 0.037216187 -0.11746216 -0.07008362 0
1421533325546 5711 11 0.07207002 -0.5203776 -0.84374255 1
1421533325563 5728 2 -6.4193726 -45.41931 2.279663 1
1421533325605 5779 1 -0.0599823 8.625198 4.7046967 0
1421533325607 5778 4 0.010696411 -0.098236084 -0.05708313 0
1421533325609 5778 11 0.07010685 -0.5209591 -0.8440348 1
1421533325681 5798 2 -6.059265 -45.41931 2.0996094 1
1421533325681 5847 1 5.187988E-4 8.780914 4.791977 0
1421533325682 5845 4 0.006591797 -0.069747925 -0.08201599 0
1421533325683 5845 11 0.06871188 -0.5210149 -0.84455925 1
1421533325696 5863 2 -5.819702 -45.539856 2.279663 1
1421533325740 5914 1 0.035232544 8.752747 4.755081 0
1421533325743 5912 4 0.045928955 -0.059783936 -0.054779053 0
1421533325744 5912 11 0.06780014 -0.52152497 -0.84471446 1
1421533325762 5930 2 -5.6991577 -45.539856 2.5787354 1
1421533325807 5981 1 -0.05958557 8.689865 4.667404 0
1421533325808 5980 4 0.061767578 -0.09484863 -0.06455994 0
1421533325810 5980 11 0.06665066 -0.5228737 -0.84434867 1
1421533325864 5999 2 -5.3985596 -45.71991 2.5787354 1
1421533325875 6048 1 -0.18197632 8.7777405 4.445038 0
1421533325876 6047 4 0.0526886 -0.06352234 -0.08308411 0
1421533325877 6047 11 0.06597054 -0.52444935 -0.8438199 1
1421533325895 6065 2 -5.218506 -45.658875 2.6397705 1
1421533325943 6115 1 -0.09449768 8.623215 4.6043243 0
1421533325943 6114 4 0.0594635 -0.07081604 -0.07897949 0
1421533325944 6114 11 0.06545704 -0.5257356 -0.8434578 1
1421533325962 6131 2 -4.798889 -45.539856 2.6992798 1
1421533326014 6182 1 -0.071884155 8.617859 4.5511627 0
1421533326058 6181 4 0.029922485 -0.108566284 -0.07096863 0
1421533326060 6181 11 0.064088486 -0.52680343 -0.8433038 1
1421533326061 6201 2 -4.73938 -45.47882 2.8793335 1
1421533326078 6249 1 -4.7302246E-4 8.780121 4.6059113 0
1421533326079 6248 4 0.031341553 -0.11871338 -0.026107788 0
1421533326080 6248 11 0.061423685 -0.5276115 -0.84335464 1
1421533326106 6266 2 -4.6798706 -45.539856 3.239441 1
1421533326142 6316 1 -0.048675537 8.750565 4.452774 0
1421533326142 6315 4 0.044677734 -0.13027954 -0.0549469 0
1421533326144 6315 11 0.05850437 -0.5287449 -0.8431821 1
1421533326162 6333 2 -4.4387817 -45.47882 3.779602 1
1421533326209 6384 1 -0.056610107 8.724777 4.438492 0
1421533326210 6382 4 0.029922485 -0.10429382 -0.046585083 0
1421533326211 6382 11 0.055969846 -0.5297936 -0.8430271 1
1421533326244 6403 2 -4.1397095 -45.359802 3.8986206 1
1421533326276 6451 1 -0.08755493 8.698196 4.583893 0
1421533326277 6450 4 0.014602661 -0.11567688 -0.052642822 0
1421533326279 6450 11 0.05268494 -0.52885664 -0.8441778 1
1421533326333 6468 2 -3.8986206 -45.47882 3.9596558 1
1421533326343 6518 1 0.09553528 8.8142395 4.430359 0
1421533326344 6517 4 0.035964966 -0.088272095 -0.0476532 0
1421533326345 6517 11 0.05026635 -0.52959645 -0.84414417 1
1421533326362 6534 2 -3.5385132 -45.599365 4.1397095 1
1421533326410 6585 1 -0.057998657 8.811661 4.600952 0
1421533326411 6584 4 0.018173218 -0.0920105 -0.083618164 0
1421533326412 6584 11 0.04868126 -0.5301447 -0.844173 1
1421533326448 6604 2 -3.3599854 -45.658875 4.258728 1
1421533326477 6652 1 -0.15341187 8.819992 4.5456085 0
1421533326478 6651 4 0.048950195 -0.11177063 -0.054595947 0
1421533326479 6651 11 0.047019277 -0.53090847 -0.84406674 1
1421533326494 6674 5 2.0 0.0 0.0 0
1421533326495 6669 2 -3.2989502 -45.71991 4.319763 1
1421533326550 6719 1 -0.088150024 8.922745 4.5335083 0
1421533326551 6718 4 0.10272217 -0.17353821 -0.052993774 0
1421533326553 6718 11 0.04392656 -0.5329789 -0.8432151 1
1421533326562 6735 2 -3.1188965 -45.77942 4.559326 1
1421533326613 6786 1 0.039398193 8.825745 4.1812134 0
1421533326615 6785 4 0.12301636 -0.14167786 -0.04071045 0
1421533326615 6785 11 0.040192712 -0.53632945 -0.8415526 1
1421533326682 6805 2 -2.8198242 -45.959473 4.6798706 1
1421533326683 6826 5 5.0 0.0 0.0 0
1421533326683 6854 1 -0.04034424 8.757706 4.231003 0
1421533326684 6852 4 0.029556274 -0.097351074 -0.05104065 0
1421533326684 6852 11 0.037595473 -0.53844047 -0.8405329 1
1421533326695 6870 2 -2.5787354 -46.258545 4.6798706 1
1421533326747 6921 1 0.15603638 8.974121 4.1213074 0
1421533326748 6920 4 0.029205322 -0.12654114 -0.013122559 0
1421533326748 6920 11 0.034557726 -0.5394097 -0.8402125 1
1421533326762 6936 2 -2.279663 -46.37909 4.8599243 1
1421533326796 6976 5 12.0 0.0 0.0 0
1421533326813 6988 1 -0.13536072 8.799362 4.360733 0
1421533326814 6987 4 0.012832642 -0.14611816 -0.07133484 0
1421533326816 6987 11 0.03153807 -0.5398346 -0.84024066 1
1421533326891 7006 2 -2.0385742 -46.31958 4.978943 1
1421533326892 7055 1 -0.16412354 8.796982 4.3914795 0
1421533326892 7054 4 0.0012512207 -0.1381073 -0.06954956 0
1421533326893 7054 11 0.028890554 -0.5397988 -0.8405617 1
1421533326895 7072 2 -1.7990112 -46.31958 5.279541 1
1421533326947 7122 1 -7.6293945E-5 8.89299 4.527359 0
1421533326948 7121 4 0.035614014 -0.13668823 -0.05921936 0
1421533326949 7121 11 0.025947103 -0.5400038 -0.84070116 1
1421533326951 7131 5 16.0 0.0 0.0 0
1421533326962 7138 2 -1.499939 -46.37909 5.519104 1
1421533327014 7189 1 -0.02645874 8.907867 4.1740723 0
1421533327015 7188 4 0.05393982 -0.120666504 -0.06260681 0
1421533327018 7188 11 0.023299405 -0.5412219 -0.8401378 1
1421533327047 7208 2 -1.1398315 -46.679688 5.758667 1
1421533327082 7256 1 -0.1803894 8.815628 4.3920746 0
1421533327083 7255 4 0.029205322 -0.085235596 -0.13078308 0
1421533327084 7255 11 0.02223074 -0.5420278 -0.8397809 1
1421533327096 7273 2 -0.95977783 -46.739197 5.8792114 1
1421533327099 7279 5 17.0 0.0 0.0 0
1421533327150 7324 1 -0.16690063 8.81781 4.294876 0
1421533327151 7322 4 0.053222656 -0.08042908 -0.06260681 0
1421533327153 7322 11 0.021652723 -0.5428725 -0.8393514 1
1421533327162 7339 2 -0.71868896 -46.739197 5.819702 1
1421533327217 7391 1 -0.041534424 8.847565 4.249054 0
1421533327218 7390 4 0.028137207 -0.08079529 -0.07400513 0
1421533327223 7390 11 0.020353233 -0.5437557 -0.83887935 1
1421533327286 7458 1 0.055664063 8.870773 4.2613525 0
1421533327287 7457 4 0.047714233 -0.108566284 -0.08255005 0
1421533327287 7457 11 0.018625004 -0.5445384 -0.8384713 1
1421533327297 7475 2 -0.35858154 -46.798706 5.819702 1
1421533327351 7525 1 -0.20201111 8.757309 4.1294403 0
1421533327351 7524 4 0.07316589 -0.20184326 -0.024505615 0
1421533327353 7524 11 0.015297222 -0.5460012 -0.8376267 1
1421533327362 7541 2 -0.119018555 -46.91925 5.999756 1
1421533327401 7581 5 16.0 0.0 0.0 0
1421533327417 7592 1 0.08998108 8.889618 4.2113647 0
1421533327418 7591 4 0.09060669 -0.28302002 -0.010986328 0
1421533327424 7591 11 0.00840298 -0.548019 -0.83642364 1
1421533327485 7659 1 -0.13754272 8.801941 4.0286713 0
1421533327487 7658 4 -0.004623413 -0.1550293 -0.09857178 0
1421533327487 7658 11 -0.0033728168 0.54899 0.8358061 1
1421533327496 7611 2 -0.17852783 -46.91925 6.1187744 1
1421533327561 7726 1 -0.10858154 8.886642 4.2651215 0
1421533327567 7725 4 -0.02508545 -0.16267395 -0.047470093 0
1421533327568 7725 11 -3.0704588E-4 0.54816467 0.8363097 1
1421533327570 7736 5 14.0 0.0 0.0 0
1421533327570 7742 2 0.059509277 -46.97876 6.3598633 1
1421533327620 7794 1 -0.058792114 8.942978 4.291504 0
1421533327621 7792 4 0.015853882 -0.16053772 -0.03678894 0
1421533327621 7792 11 0.0034386027 0.5476234 0.8365984 1
1421533327687 7861 1 -0.039352417 8.9852295 4.1246796 0
1421533327688 7860 4 0.0101623535 -0.17353821 -0.06455994 0
1421533327688 7860 11 0.007211453 0.5477166 0.83642685 1
1421533327695 7812 2 0.4196167 -46.97876 6.3598633 1
1421533327703 7883 5 12.0 0.0 0.0 0
1421533327755 7928 1 -0.103027344 8.980667 4.2444916 0
1421533327758 7927 4 0.0055236816 -0.17692566 -0.07987976 0
1421533327758 7927 11 0.010680548 0.54753923 0.8363766 1
1421533327762 7878 2 0.5996704 -46.91925 6.3598633 1
1421533327821 7995 1 0.084625244 9.015579 4.066757 0
1421533327825 7994 4 0.035964966 -0.16107178 -0.04196167 0
1421533327827 7994 11 0.014558588 0.5478584 0.83595717 1
1421533327833 7944 2 1.0192871 -46.91925 6.5994263 1
1421533327875 8035 5 10.0 0.0 0.0 0
1421533327888 8062 1 0.05784607 8.924927 4.120514 0
1421533327890 8061 4 0.038467407 -0.14221191 -0.08468628 0
1421533327891 8061 11 0.0178418 0.54854083 0.8352776 1
1421533327896 8014 2 1.2588501 -47.039795 6.77948 1
1421533327955 8129 1 0.083236694 8.840622 4.142929 0
1421533327956 8128 4 0.035964966 -0.12298584 -0.08592224 0
1421533327957 8128 11 0.02024274 0.5491682 0.8346049 1
1421533327962 8079 2 1.4389038 -46.97876 6.8389893 1
1421533328005 8185 5 8.0 0.0 0.0 0
1421533328022 8196 1 -0.007217407 8.933258 4.2048187 0
1421533328025 8195 4 -0.013870239 -0.14523315 -0.08004761 0
1421533328026 8195 11 0.022537705 0.54903185 0.8344074 1
1421533328031 8145 2 1.739502 -46.97876 6.8389893 1
1421533328113 8263 1 0.10644531 9.110397 4.286545 0
1421533328114 8262 4 0.045578003 -0.11550903 -0.080581665 0
1421533328115 8262 11 0.025026659 0.54900074 0.83410394 1
1421533328115 8215 2 2.0996094 -46.798706 7.1395874 1
1421533328157 8331 1 -0.15916443 8.964996 4.111786 0
1421533328158 8330 4 0.057495117 -0.11871338 -0.073638916 0
1421533328159 8330 11 0.026792547 0.5500742 0.8330961 1
1421533328162 8281 2 2.519226 -46.798706 7.1395874 1
1421533328226 8398 1 -0.024276733 8.819397 4.094925 0
1421533328227 8397 4 0.058395386 -0.094680786 -0.06439209 0
1421533328229 8397 11 0.028706802 0.5512412 0.8320141 1
1421533328230 8347 2 2.9388428 -46.679688 7.258606 1
1421533328290 8465 1 0.06994629 8.877319 4.09433 0
1421533328291 8464 4 0.03276062 -0.13401794 -0.08503723 0
1421533328292 8464 11 0.030900206 0.55202913 0.8311213 1
1421533328295 8416 2 3.1188965 -46.559143 7.499695 1
1421533328308 8487 5 6.0 0.0 0.0 0
1421533328362 8532 1 0.08621216 9.047516 4.0887756 0
1421533328365 8531 4 0.016204834 -0.14576721 -0.054595947 0
1421533328366 8531 11 0.033896398 0.5522168 0.8305381 1
1421533328368 8482 2 3.239441 -46.37909 7.4386597 1
1421533328433 8599 1 -0.02229309 8.981461 4.0375977 0
1421533328434 8598 4 0.018875122 -0.13793945 -0.08023071 0
1421533328435 8598 11 0.036768384 0.55221784 0.8300577 1
1421533328436 8548 2 3.5385132 -46.139526 7.258606 1
1421533328510 8639 5 5.0 0.0 0.0 0
1421533328510 8666 1 -0.00642395 9.002686 4.117737 0
1421533328512 8665 4 0.021011353 -0.15609741 -0.077560425 0
1421533328513 8665 11 0.03959423 0.5521999 0.8295224 1
1421533328513 8618 2 3.779602 -46.31958 7.1990967 1
1421533328563 8733 1 -0.2353363 8.947937 4.141144 0
1421533328563 8732 4 0.056793213 -0.17425537 -0.047470093 0
1421533328564 8732 11 0.04282048 0.55260783 0.8286753 1
1421533328564 8683 2 4.1992188 -46.31958 7.0785522 1
1421533328609 8789 5 4.0 0.0 0.0 0
1421533328626 8801 1 -0.08656311 8.959839 3.8941803 0
1421533328627 8800 4 0.08117676 -0.13153076 -0.041427612 0
1421533328628 8800 11 0.04643653 0.5540028 0.8271681 1
1421533328629 8749 2 4.559326 -46.258545 6.9595337 1
1421533328693 8868 1 -0.2220459 8.922745 3.888031 0
1421533328695 8867 4 0.021011353 -0.1131897 -0.081832886 0
1421533328696 8867 11 0.048564512 0.5549847 0.8260093 1
1421533328696 8819 2 4.6798706 -46.37909 7.1990967 1
1421533328761 8935 1 0.32107544 9.026489 4.3200684 0
1421533328764 8934 4 -0.008361816 -0.15663147 -0.011688232 0
1421533328766 8934 11 0.05210849 0.5542302 0.8258791 1
1421533328766 8884 2 4.798889 -46.31958 7.319641 1
1421533328768 8944 5 3.0 0.0 0.0 0
1421533328831 9002 1 0.30163574 9.0494995 4.0124054 0
1421533328832 9001 4 0.022613525 -0.2086029 -0.08325195 0
1421533328833 9001 11 0.056966316 0.55361587 0.82542294 1
1421533328834 8951 2 5.218506 -46.499634 7.319641 1
1421533328894 9069 1 0.033843994 8.94516 3.9870148 0
1421533328895 9068 4 0.021194458 -0.22640991 -0.106933594 0
1421533328896 9021 2 5.6991577 -46.559143 7.319641 1
1421533328897 9068 11 0.06143712 0.55338216 0.82447064 1
1421533328911 9091 5 2.0 0.0 0.0 0
1421533328962 9086 2 5.819702 -46.85974 7.559204 1
1421533328963 9136 1 -0.29841614 8.919174 4.0980988 0
1421533328963 9135 4 -0.0060424805 -0.20806885 -0.12882996 0
1421533328964 9135 11 0.0647495 0.5527363 0.8237679 1
1421533329029 9152 2 6.1798096 -46.798706 7.6187134 1
1421533329030 9203 1 -0.24882507 8.955673 3.8013458 0
1421533329030 9202 4 0.009796143 -0.162323 -0.11262512 0
1421533329031 9202 11 0.067344904 0.55227864 0.8229787 1
1421533329096 9222 2 6.478882 -46.679688 7.6187134 1
1421533329097 9271 1 -0.024276733 9.055847 4.189743 0
1421533329099 9269 4 -0.0079956055 -0.18617249 -0.04676819 0
1421533329099 9269 11 0.07069145 0.55138713 0.8225421 1
1421533329162 9287 2 6.7199707 -46.679688 7.6187134 1
1421533329163 9338 1 0.08383179 9.022324 4.3648987 0
1421533329164 9337 4 0.021377563 -0.17816162 -0.0791626 0
1421533329166 9337 11 0.074684754 0.5503919 0.82211846 1
1421533329232 9354 2 7.019043 -46.679688 7.4386597 1
1421533329233 9405 1 -0.06613159 8.980667 4.156021 0
1421533329234 9404 4 0.034729004 -0.17140198 -0.09197998 0
1421533329235 9404 11 0.077936955 0.5502424 0.8210898 1
1421533329295 9424 2 7.1990967 -46.85974 7.1990967 1
1421533329297 9472 1 0.075302124 8.980072 3.851532 0
1421533329298 9471 4 0.058029175 -0.18173218 -0.053344727 0
1421533329300 9471 11 0.08190767 0.55073154 0.81954575 1
1421533329362 9489 2 7.499695 -46.91925 7.258606 1
1421533329365 9539 1 -0.23434448 8.888626 3.772583 0
1421533329366 9538 4 0.004638672 -0.20237732 -0.13238525 0
1421533329368 9538 11 0.085298285 0.55087143 0.81813157 1
1421533329433 9555 2 7.559204 -46.85974 7.258606 1
1421533329434 9606 1 -0.28492737 8.905685 3.895172 0
1421533329435 9605 4 -0.0063934326 -0.162323 -0.06455994 0
1421533329436 9605 11 0.08802617 0.5500894 0.8173618 1
1421533329496 9625 2 7.9193115 -46.679688 7.319641 1
1421533329499 9673 1 -0.10580444 8.983643 4.1699066 0
1421533329500 9672 4 -0.035949707 -0.1169281 -0.06776428 0
1421533329502 9672 11 0.09031828 0.5486212 0.81734335 1
1421533329515 9695 5 1.0 0.0 0.0 0
1421533329565 9690 2 8.459473 -46.739197 7.0785522 1
1421533329577 9741 1 -0.07029724 9.020142 4.0925446 0
1421533329578 9740 4 -0.0049743652 -0.13615417 -0.053344727 0
1421533329585 9740 11 0.09250911 0.5472892 0.8172704 1
1421533329629 9757 2 8.758545 -46.798706 7.1990967 1
1421533329665 9808 1 -0.1282196 9.020737 4.063385 0
1421533329666 9807 4 -0.0076446533 -0.1103363 -0.08004761 0
1421533329666 9807 11 0.094484 0.54642445 0.81687963 1
1421533329696 9826 2 9.1796875 -46.85974 6.9595337 1
1421533329701 9875 1 -0.14448547 8.958649 3.8289185 0
1421533329702 9874 4 0.011047363 -0.12547302 -0.06225586 0
1421533329703 9874 11 0.09638094 0.5459817 0.8161719 1
1421533329762 9892 2 9.539795 -46.739197 6.7199707 1
1421533329768 9942 1 0.023132324 8.977692 3.976303 0
1421533329769 9941 4 -0.028823853 -0.16908264 -0.01828003 0
1421533329772 9941 11 0.09981655 0.54482216 0.8157728 1
1421533329830 9958 2 9.899902 -46.618652 6.539917 1
1421533329909 10009 1 0.04534912 8.978088 4.2323914 0
1421533329910 10008 4 -0.019210815 -0.15057373 -0.07293701 0
1421533329912 10008 11 0.103317216 0.54299206 0.8157047 1
1421533329915 10028 2 10.258484 -46.37909 6.1798096 1
1421533329915 10076 1 -0.0982666 8.916595 4.2754364 0
1421533329916 10075 4 -0.02331543 -0.16534424 -0.10765076 0
1421533329916 10075 11 0.10572377 0.541387 0.8153527 1
1421533329962 10093 2 10.85968 -46.4386 5.9387207 1
1421533329969 10143 1 -0.032211304 8.967773 4.115753 0
1421533329970 10142 4 0.048065186 -0.12672424 -0.054779053 0
1421533329971 10142 11 0.10840973 0.5408411 0.81431526 1
1421533330029 10159 2 11.219788 -46.499634 5.6396484 1
1421533330061 10211 1 0.06340027 9.005859 4.145508 0
1421533330062 10209 4 0.017807007 -0.16534424 -0.060653687 0
1421533330062 10209 11 0.11179588 0.5407019 0.81302285 1
1421533330095 10229 2 11.399841 -46.258545 5.4595947 1
1421533330103 10278 1 0.08660889 8.971542 4.207596 0
1421533330104 10277 4 0.04878235 -0.14328003 -0.11155701 0
1421533330106 10277 11 0.11489322 0.5405239 0.8115501 1
1421533330162 10295 2 11.698914 -46.258545 5.1589966 1
1421533330171 10345 1 1.2207031E-4 8.852921 3.9509125 0
1421533330174 10344 4 0.032226563 -0.21234131 -0.13256836 0
1421533330175 10344 11 0.118007995 0.5406702 0.8094713 1
1421533330231 10361 2 11.999512 -46.258545 5.039978 1
1421533330274 10412 1 -0.12365723 8.912231 4.3000336 0
1421533330275 10411 4 0.029205322 -0.24331665 -0.13542175 0
1421533330275 10411 11 0.121796526 0.5400141 0.80750394 1
1421533330295 10431 2 12.298584 -46.199036 4.8599243 1
1421533330304 10479 1 -0.19288635 8.973923 4.0403748 0
1421533330305 10478 4 0.041137695 -0.24243164 -0.128479 0
1421533330307 10478 11 0.12611221 0.53955835 0.80515975 1
1421533330362 10496 2 12.719727 -46.258545 4.8599243 1
1421533330372 10546 1 -0.4733734 8.82991 4.1490784 0
1421533330372 10545 4 -0.005508423 -0.1797638 -0.13131714 0
1421533330374 10545 11 0.12890543 0.5388014 0.8033887 1
