1421533287840 -688 2 22.558594 -32.51953 -39.89868 1
1421533287850 -640 1 -0.6144104 7.418747 5.721115 0
1421533287855 -641 4 0.014434814 0.11911011 0.023544312 0
1421533287858 -641 11 0.35715383 0.2507018 0.46810225 1
1421533287860 -623 2 22.738647 -32.699585 -39.538574 1
1421533287893 -573 1 -0.19725037 7.7468414 6.4249115 0
1421533287898 -574 4 -0.021713257 -0.11123657 0.106674194 0
1421533287901 -574 11 0.35723013 0.2499787 0.47085688 1
1421533287904 -557 2 22.859192 -32.458496 -39.239502 1
1421533287905 -506 1 -0.22125244 7.5667267 6.0448456 0
1421533287906 -507 4 -0.033462524 -0.030227661 0.050964355 0
1421533287906 -507 11 0.3583284 0.2466797 0.47247568 1
1421533287906 -487 2 23.039246 -32.51953 -39.29901 1
1421533287909 -438 1 -0.16828918 7.484604 6.380081 0
1421533287909 -19 2 22.558594 -32.939148 -39.65912 1
1421533287911 30 1 0.052886963 7.6462708 6.426697 0
1421533287911 29 4 -0.007461548 -0.082214355 0.009475708 0
1421533287912 47 2 22.37854 -32.818604 -39.419556 1
1421533287945 97 1 -0.001663208 7.5611725 6.283676 0
1421533287946 97 4 0.03152466 -0.012435913 -0.017562866 0
1421533287946 97 11 0.36472917 0.2299492 0.47320256 1
1421533287977 116 2 22.31903 -32.57904 -39.538574 1
1421533288008 165 1 0.019363403 7.592514 6.4145966 0
1421533288009 164 4 0.00642395 -0.03540039 -0.017028809 0
1421533288009 164 11 0.3650678 0.23003 0.4732468 1
1421533288044 182 2 22.138977 -32.699585 -39.479065 1
1421533288077 232 1 -0.05680847 7.597275 6.428879 0
1421533288078 231 4 0.047714233 0.026367188 0.0027160645 0
1421533288078 231 11 0.36533955 0.23064838 0.47365487 1
1421533288111 248 2 22.019958 -32.759094 -39.479065 1
1421533288142 299 1 -0.016540527 7.654999 6.1706085 0
1421533288147 298 4 0.022079468 0.027618408 -0.0024414063 0
1421533288147 298 11 0.36573902 0.23194334 0.4740252 1
1421533288178 318 2 21.958923 -32.458496 -39.35852 1
1421533288305 366 1 -0.025863647 7.58696 6.269394 0
1421533288305 365 4 0.0025024414 0.019958496 -0.005645752 0
1421533288306 365 11 0.3653855 0.2329026 0.47471738 1
1421533288306 383 2 21.899414 -32.51953 -39.179993 1
1421533288306 433 1 -0.252594 7.4447327 6.3122406 0
1421533288307 432 4 -0.05482483 0.095077515 0.02923584 0
1421533288307 432 11 0.36342412 0.23404741 0.47646776 1
1421533288315 449 2 21.598816 -32.27997 -39.419556 1
1421533288343 500 1 0.23538208 7.661743 6.5328217 0
1421533288346 499 4 -0.0047912598 -0.0398407 0.09902954 0
1421533288347 499 11 0.36235207 0.23354562 0.47991645 1
1421533288377 519 2 21.418762 -32.099915 -39.35852 1
1421533288433 568 1 0.30203247 7.798416 6.353897 0
1421533288435 567 4 0.010513306 0.005722046 0.040100098 0
1421533288435 567 11 0.3632625 0.23219468 0.4820659 1
1421533288444 584 2 21.418762 -32.03888 -39.419556 1
1421533288478 635 1 0.11140442 7.6244507 6.3681793 0
1421533288479 634 4 0.07191467 0.0066070557 -0.020767212 0
1421533288479 634 11 0.36403993 0.23293647 0.4827334 1
1421533288510 650 2 21.479797 -32.27997 -39.35852 1
1421533288545 702 1 -0.06295776 7.524872 6.324341 0
1421533288546 701 4 0.07423401 -0.0021209717 0.003967285 0
1421533288547 701 11 0.36539927 0.23441675 0.4825741 1
1421533288577 720 2 21.539307 -32.27997 -39.29901 1
1421533288628 769 1 0.15722656 7.6809845 6.3235474 0
1421533288629 768 4 0.04788208 -0.07241821 0.09635925 0
1421533288629 768 11 0.36769518 0.23387186 0.48359013 1
1421533288644 786 2 21.659851 -32.218933 -39.29901 1
1421533288679 836 1 0.09732056 7.6863403 6.3780975 0
1421533288681 835 4 0.058563232 -0.0033569336 0.025863647 0
1421533288681 835 11 0.36975476 0.233121 0.48493233 1
1421533288711 852 2 21.77887 -32.51953 -39.35852 1
1421533288746 903 1 0.19670105 7.7222443 6.3013306 0
1421533288747 902 4 0.083847046 -0.0012207031 0.033691406 0
1421533288749 902 11 0.3715254 0.23391266 0.48580763 1
1421533288778 922 2 21.958923 -32.699585 -39.419556 1
1421533288861 970 1 -0.028045654 7.651428 6.1313324 0
1421533288862 969 4 0.097732544 0.036514282 0.02229309 0
1421533288862 969 11 0.37346295 0.23559041 0.48625994 1
1421533288863 987 2 21.71936 -32.998657 -39.419556 1
1421533288881 1037 1 -0.019317627 7.799408 6.179535 0
1421533288885 1036 4 0.09738159 -0.026672363 0.070892334 0
1421533288886 1036 11 0.37591404 0.23680903 0.48692065 1
1421533288910 1054 2 21.598816 -33.299255 -39.419556 1
1421533288948 1105 1 0.14215088 7.8747864 6.2077026 0
1421533288949 1104 4 0.09738159 0.063568115 0.089767456 0
1421533288950 1104 11 0.3783863 0.23791274 0.4888599 1
1421533288977 1123 2 21.539307 -33.599854 -39.35852 1
1421533289059 1172 1 -0.070495605 7.7936554 5.9861298 0
1421533289061 1171 4 0.10005188 0.100250244 0.09742737 0
1421533289062 1171 11 0.3800101 0.24046732 0.4913775 1
1421533289063 1189 2 21.418762 -33.898926 -39.239502 1
1421533289082 1239 1 0.021148682 8.01622 5.9877167 0
1421533289083 1238 4 0.09150696 0.120895386 0.19195557 0
1421533289084 1238 11 0.381619 0.24293657 0.49539903 1
1421533289111 1255 2 21.299744 -34.379578 -39.05945 1
1421533289149 1306 1 0.024124146 8.101318 6.0795593 0
1421533289150 1305 4 0.17391968 0.11128235 0.24517822 0
1421533289150 1305 11 0.38443848 0.24528876 0.50119114 1
1421533289177 1324 2 21.11969 -34.67865 -38.879395 1
1421533289247 1373 1 0.2601776 8.221527 6.0507965 0
1421533289248 1372 4 0.16235352 0.23091125 0.2366333 0
1421533289250 1372 11 0.38737804 0.24919079 0.50811714 1
1421533289251 1390 2 20.939636 -35.099792 -38.279724 1
1421533289283 1440 1 -0.027450562 7.9944 5.7350006 0
1421533289286 1439 4 0.23231506 0.3147583 0.2515869 0
1421533289286 1439 11 0.3891883 0.2560587 0.515702 1
1421533289310 1456 2 20.759583 -35.639954 -37.678528 1
1421533289350 1507 1 0.025909424 8.043396 5.776657 0
1421533289353 1506 4 0.21183777 0.4028778 0.25978088 0
1421533289353 1506 11 0.38990736 0.26525518 0.5247775 1
1421533289377 1526 2 21.058655 -36.11908 -37.139893 1
1421533289433 1575 1 0.040786743 8.026337 5.557068 0
1421533289434 1574 4 0.20419312 0.5235748 0.3534088 0
1421533289435 1574 11 0.38887042 0.2758053 0.53620636 1
1421533289444 1591 2 21.238708 -36.71875 -36.358643 1
1421533289485 1642 1 0.07946777 8.044983 5.613205 0
1421533289486 1641 4 0.17285156 0.5730591 0.335083 0
1421533289487 1641 11 0.3857889 0.2873875 0.549938 1
1421533289511 1658 2 21.418762 -37.55951 -35.758972 1
1421533289552 1709 1 0.34230042 8.09993 5.5122375 0
1421533289553 1708 4 0.17605591 0.64141846 0.37156677 0
1421533289555 1708 11 0.38135225 0.29955682 0.56456757 1
1421533289577 1727 2 21.598816 -37.979126 -34.91974 1
1421533289657 1776 1 0.4033966 8.148926 5.8079987 0
1421533289658 1775 4 0.17658997 0.69073486 0.38635254 0
1421533289659 1775 11 0.37534603 0.31262463 0.5809047 1
1421533289659 1793 2 21.899414 -38.398743 -34.07898 1
1421533289686 1843 1 0.4006195 8.191376 5.223816 0
1421533289687 1842 4 0.18443298 0.7790375 0.36071777 0
1421533289688 1842 11 0.36859894 0.3267209 0.59628165 1
1421533289712 1859 2 22.31903 -39.29901 -32.939148 1
1421533289753 1910 1 0.3302002 8.290558 5.231949 0
1421533289756 1909 4 0.14045715 0.7229614 0.4228363 0
1421533289756 1909 11 0.36096996 0.34032565 0.6119908 1
1421533289778 1929 2 22.679138 -40.019226 -31.739807 1
1421533289885 1977 1 0.3944702 8.31575 5.236511 0
1421533289886 1976 4 0.13476563 0.7402191 0.42533875 0
1421533289887 1976 11 0.3532921 0.3522555 0.62795925 1
1421533289888 1994 2 23.098755 -40.618896 -30.479431 1
1421533289888 2045 1 0.52420044 8.36792 5.1299896 0
1421533289890 2044 4 0.12425232 0.75749207 0.3943634 0
1421533289890 2044 11 0.3448799 0.36410958 0.6432978 1
1421533289911 2060 2 23.399353 -41.39862 -28.858948 1
1421533289954 2112 1 0.55633545 8.392715 4.9223022 0
1421533289955 2111 4 0.10395813 0.7028351 0.3849182 0
1421533289956 2111 11 0.33638996 0.37513867 0.6573617 1
1421533289978 2130 2 23.699951 -42.059326 -27.359009 1
1421533290044 2179 1 0.78862 8.523636 5.257736 0
1421533290045 2178 4 0.07316589 0.62931824 0.34272766 0
1421533290046 2178 11 0.32807413 0.38433737 0.67060953 1
1421533290047 2196 2 23.939514 -42.478943 -25.85907 1
1421533290090 2246 1 0.56962585 8.399261 4.9528503 0
1421533290091 2245 4 0.11784363 0.626297 0.35127258 0
1421533290092 2245 11 0.32043996 0.39310154 0.682265 1
1421533290111 2262 2 24.179077 -43.13965 -24.35913 1
1421533290157 2313 1 0.4129181 8.438141 5.00264 0
1421533290162 2312 4 0.047714233 0.6223755 0.29359436 0
1421533290164 2312 11 0.3118917 0.4017301 0.6933907 1
1421533290178 2332 2 24.179077 -43.79883 -22.558594 1
1421533290264 2380 1 0.6703949 8.439331 5.1627197 0
1421533290265 2379 4 0.1262207 0.6595764 0.3137207 0
1421533290266 2379 11 0.3026071 0.41052133 0.7042656 1
1421533290267 2397 2 24.299622 -44.3985 -21.238708 1
1421533290290 2447 1 0.9433441 8.689468 5.0748444 0
1421533290290 2446 4 0.0526886 0.51342773 0.2012024 0
1421533290292 2446 11 0.2945884 0.41846076 0.71299213 1
1421533290310 2463 2 24.35913 -45.059204 -20.039368 1
1421533290357 2514 1 0.3518219 8.402832 4.569214 0
1421533290357 2513 4 0.092926025 0.42512512 0.14352417 0
1421533290359 2513 11 0.28761742 0.42535156 0.71877146 1
1421533290377 2533 2 24.299622 -45.599365 -18.778992 1
1421533290430 2582 1 0.19689941 8.62381 4.8020935 0
1421533290430 2581 4 0.0101623535 0.34057617 0.19390869 0
1421533290431 2581 11 0.28183877 0.43048573 0.7241132 1
1421533290444 2598 2 23.999023 -45.959473 -17.999268 1
1421533290491 2649 1 0.22070313 8.513321 4.8923492 0
1421533290491 2648 4 0.061767578 0.30549622 0.20370483 0
1421533290493 2648 11 0.27739182 0.43397406 0.7297396 1
1421533290510 2665 2 23.999023 -46.618652 -16.97998 1
1421533290558 2716 1 0.61842346 8.767426 4.5467987 0
1421533290558 2715 4 0.028320313 0.3110199 0.17326355 0
1421533290560 2715 11 0.27448118 0.437195 0.7340237 1
1421533290577 2734 2 23.699951 -47.039795 -15.899658 1
1421533290645 2783 1 0.36154175 8.532364 4.776703 0
1421533290646 2782 4 0.07316589 0.20314026 0.1346283 0
1421533290646 2782 11 0.27135822 0.44033587 0.73789376 1
1421533290648 2800 2 23.519897 -47.399902 -15.119934 1
1421533290694 2850 1 0.76283264 8.809479 4.700531 0
1421533290695 2849 4 0.092926025 0.14172363 0.08995056 0
1421533290696 2849 11 0.2709795 0.44309098 0.73947936 1
1421533290710 2866 2 23.399353 -47.639465 -14.579773 1
1421533290760 2917 1 0.7923889 8.693634 4.570404 0
1421533290762 2916 4 0.175354 0.096328735 -0.023620605 0
1421533290763 2916 11 0.27150682 0.44702306 0.7386806 1
1421533290779 2936 2 23.15979 -47.81952 -14.099121 1
1421533290846 2985 1 0.4028015 8.655945 4.2601624 0
1421533290847 2983 4 0.14259338 0.016403198 -0.0476532 0
1421533290847 2983 11 0.27263263 0.4516318 0.735807 1
1421533290848 3001 2 22.918701 -47.938538 -13.499451 1
1421533290895 3052 1 0.5067444 8.843796 4.2688904 0
1421533290896 3051 4 0.062301636 0.0340271 -0.04586792 0
1421533290903 3051 11 0.27373084 0.45440102 0.7332966 1
1421533290911 3068 2 22.799683 -48.298645 -13.259888 1
1421533290961 3119 1 0.36927795 8.734299 4.5827026 0
1421533290962 3118 4 0.043792725 -0.061920166 -0.031097412 0
1421533290963 3118 11 0.2743774 0.45540515 0.7319612 1
1421533290977 3137 2 22.979736 -48.539734 -12.719727 1
1421533291049 3186 1 0.62020874 8.916 4.5821075 0
1421533291050 3185 4 0.07014465 -0.11853027 -0.030914307 0
1421533291051 3185 11 0.27744544 0.45516193 0.7298513 1
1421533291053 3203 2 22.619629 -48.41919 -12.539673 1
1421533291096 3253 1 0.73446655 9.028275 4.274643 0
1421533291098 3252 4 0.10646057 -0.21430969 -0.041427612 0
1421533291099 3252 11 0.28327224 0.45459512 0.72601616 1
1421533291110 3269 2 22.679138 -48.539734 -12.359619 1
1421533291163 3320 1 0.6602783 8.855103 4.40596 0
1421533291163 3319 4 0.10235596 -0.27038574 -0.11048889 0
1421533291165 3319 11 0.2899113 0.45374992 0.72108626 1
1421533291177 3339 2 22.499084 -48.539734 -12.298584 1
1421533291255 3387 1 0.6848755 8.806702 4.2575836 0
1421533291256 3386 4 0.09738159 -0.348526 -0.11138916 0
1421533291256 3386 11 0.29757607 0.4521127 0.71493876 1
1421533291257 3404 2 22.558594 -48.599243 -12.11853 1
1421533291297 3455 1 0.8766937 8.83725 4.1409454 0
1421533291298 3454 4 0.09648132 -0.40104675 -0.1322174 0
1421533291300 3454 11 0.30679488 0.4493519 0.70782506 1
1421533291310 3471 2 22.619629 -48.599243 -12.11853 1
1421533291364 3522 1 0.6083069 8.890213 4.1131744 0
1421533291365 3521 4 0.019241333 -0.46531677 -0.2087555 0
1421533291366 3521 11 0.31556016 0.44544834 0.69993 1
1421533291443 3589 1 0.4351349 8.947342 3.997528 0
1421533291447 3588 4 0.027252197 -0.5439911 -0.17903137 0
1421533291447 3588 11 0.32491878 0.43991518 0.69113046 1
1421533291448 3606 2 22.679138 -48.298645 -12.298584 1
1421533291500 3656 1 0.41767883 8.922348 4.2476654 0
1421533291501 3655 4 0.040603638 -0.5569916 -0.20626831 0
1421533291503 3655 11 0.3348024 0.4338646 0.68201876 1
1421533291510 3672 2 22.679138 -48.11859 -12.599182 1
1421533291566 3723 1 0.41629028 8.925919 4.173279 0
1421533291568 3722 4 0.05215454 -0.53367615 -0.16906738 0
1421533291569 3722 11 0.34469956 0.4280409 0.67261285 1
1421533291650 3790 1 0.22943115 9.090164 3.9402008 0
1421533291651 3789 4 0.098083496 -0.46691895 -0.16319275 0
1421533291653 3789 11 0.3544211 0.42338514 0.6630253 1
1421533291653 3807 2 23.15979 -47.758484 -13.55896 1
1421533291700 3857 1 -0.090530396 9.007645 3.8439941 0
1421533291701 3856 4 0.018875122 -0.39712524 -0.21107483 0
1421533291707 3856 11 0.361668 0.41989762 0.6539147 1
1421533291711 3873 2 23.278809 -47.758484 -14.219666 1
1421533291766 3924 1 0.23895264 8.97908 3.9761047 0
1421533291767 3923 4 0.020843506 -0.30758667 -0.16656494 0
1421533291768 3923 11 0.3664964 0.41662124 0.64647734 1
1421533291835 3992 1 0.057052612 8.85054 4.397232 0
1421533291836 3991 4 0.040771484 -0.23869324 -0.17601013 0
1421533291836 3991 11 0.36905396 0.41498402 0.6409645 1
1421533291844 3943 2 23.339844 -47.758484 -14.819336 1
1421533291901 4059 1 0.25006104 8.972336 3.7702026 0
1421533291901 4058 4 0.044677734 -0.17033386 -0.14343262 0
1421533291903 4058 11 0.37179753 0.41425177 0.63512206 1
1421533291910 4008 2 23.339844 -47.51892 -15.179443 1
1421533291968 4126 1 0.16337585 8.940796 3.9082642 0
1421533291968 4125 4 0.017990112 -0.14451599 -0.10177612 0
1421533291970 4125 11 0.37352782 0.4137185 0.6309298 1
1421533291977 4074 2 23.878479 -47.51892 -15.7196045 1
1421533292043 4193 1 0.296875 9.062988 3.9921722 0
1421533292048 4192 4 3.6621094E-4 -0.14042664 -0.11689758 0
1421533292049 4192 11 0.37483397 0.4126549 0.6274987 1
1421533292049 4144 2 24.179077 -47.21985 -16.378784 1
1421533292103 4260 1 0.14016724 9.061401 3.815628 0
1421533292104 4259 4 0.03276062 -0.14665222 -0.12046814 0
1421533292106 4259 11 0.3763328 0.4118639 0.62341803 1
1421533292111 4210 2 24.179077 -47.099304 -16.619873 1
1421533292173 4327 1 0.12965393 9.145508 3.806305 0
1421533292174 4326 4 0.027069092 -0.1028595 -0.09732056 0
1421533292175 4326 11 0.3778692 0.41153234 0.6195099 1
1421533292189 4276 2 24.479675 -47.099304 -16.918945 1
1421533292245 4395 1 0.06161499 9.030457 4.040573 0
1421533292246 4393 4 -0.011199951 -0.12084961 -0.14520264 0
1421533292246 4393 11 0.37807256 0.41122988 0.6163315 1
1421533292246 4346 2 24.539185 -47.039795 -17.219543 1
1421533292304 4462 1 0.19134521 8.924927 3.91362 0
1421533292305 4461 4 0.040420532 -0.074920654 -0.07809448 0
1421533292306 4461 11 0.37849757 0.41104943 0.61332285 1
1421533292310 4412 2 24.719238 -46.679688 -17.158508 1
1421533292371 4529 1 0.31532288 8.984634 4.0009003 0
1421533292372 4528 4 -0.0024871826 -0.11051941 -0.09465027 0
1421533292373 4528 11 0.3792474 0.41064087 0.6109504 1
1421533292377 4478 2 25.019836 -46.559143 -17.338562 1
1421533292438 4596 1 0.2474823 9.019943 3.8963623 0
1421533292439 4595 4 0.009628296 -0.18101501 -0.06385803 0
1421533292441 4595 11 0.38106394 0.40879628 0.607955 1
1421533292444 4547 2 25.079346 -46.37909 -17.759705 1
1421533292507 4663 1 0.4450531 9.043152 3.8935852 0
1421533292514 4662 4 0.0382843 -0.2116394 -0.07133484 0
1421533292517 4662 11 0.38456458 0.4061322 0.6043147 1
1421533292519 4613 2 24.839783 -46.37909 -17.878723 1
1421533292573 4730 1 0.42660522 9.128052 3.8912048 0
1421533292577 4729 4 -0.0017700195 -0.28390503 -0.10498047 0
1421533292581 4729 11 0.38871354 0.40262142 0.5995965 1
1421533292583 4679 2 24.839783 -46.07849 -18.179321 1
1421533292663 4797 1 0.3607483 9.167526 3.9608307 0
1421533292663 4796 4 0.039352417 -0.33322144 -0.13238525 0
1421533292664 4796 11 0.3934492 0.3984122 0.5935729 1
1421533292664 4749 2 24.899292 -45.959473 -18.23883 1
1421533292708 4864 1 0.12509155 8.950516 4.145706 0
1421533292709 4863 4 0.04824829 -0.3793335 -0.1318512 0
1421533292710 4863 11 0.39870274 0.39421368 0.5867473 1
1421533292711 4814 2 24.778748 -46.018982 -18.47992 1
1421533292774 4932 1 0.18341064 9.008835 3.7184296 0
1421533292776 4931 4 0.07102966 -0.36828613 -0.1318512 0
1421533292776 4931 11 0.40525022 0.3897331 0.57863617 1
1421533292777 4880 2 24.719238 -45.71991 -18.659973 1
1421533292854 4999 1 0.15385437 8.88942 4.243103 0
1421533292855 4998 4 0.072631836 -0.4152832 -0.091796875 0
1421533292855 4998 11 0.41153473 0.38512936 0.57159257 1
1421533292856 4950 2 24.719238 -45.899963 -19.07959 1
1421533292909 5066 1 0.26513672 8.884857 3.6515808 0
1421533292909 5065 4 0.03366089 -0.3866272 -0.14129639 0
1421533292911 5065 11 0.41845655 0.3796751 0.5634465 1
1421533292911 5015 2 24.479675 -45.71991 -19.439697 1
1421533292975 5133 1 0.566452 8.9852295 3.834671 0
1421533292976 5132 4 0.032943726 -0.43148804 -0.13790894 0
1421533292982 5132 11 0.42461458 0.37386543 0.5554113 1
1421533292987 5082 2 24.598694 -45.47882 -19.67926 1
1421533293074 5200 1 0.58013916 9.060806 3.7446136 0
1421533293075 5199 4 -0.0063934326 -0.51960754 -0.20768738 0
1421533293076 5152 2 24.598694 -45.359802 -19.979858 1
1421533293076 5199 11 0.43121853 0.3666842 0.54573405 1
1421533293110 5267 1 0.24609375 9.232391 3.8674011 0
1421533293111 5266 4 0.001083374 -0.5459595 -0.2443695 0
1421533293112 5217 2 24.299622 -45.359802 -20.579529 1
1421533293113 5266 11 0.43748668 0.35887992 0.5340541 1
1421533293177 5334 1 0.09335327 9.139557 3.8578796 0
1421533293178 5283 2 24.179077 -45.118713 -21.299744 1
1421533293179 5333 4 0.008377075 -0.5774689 -0.2368927 0
1421533293179 5333 11 0.4439741 0.350773 0.5213231 1
1421533293257 5353 2 23.878479 -44.93866 -21.77887 1
1421533293258 5402 1 -0.12901306 8.9917755 4.015381 0
1421533293259 5400 4 0.027252197 -0.53330994 -0.21820068 0
1421533293260 5400 11 0.45018685 0.34296212 0.50889295 1
1421533293310 5419 2 23.75946 -44.758606 -22.499084 1
1421533293314 5469 1 -0.029830933 9.149673 3.6728058 0
1421533293316 5468 4 0.04699707 -0.44999695 -0.20324707 0
1421533293316 5468 11 0.45642775 0.336234 0.49673867 1
1421533293377 5485 2 23.519897 -44.27948 -23.2193 1
1421533293379 5536 1 -0.5305023 9.029266 3.8566895 0
1421533293382 5535 4 -0.033096313 -0.4573059 -0.17155457 0
1421533293383 5535 11 0.46104968 0.3297038 0.48580593 1
1421533293444 5554 2 23.2193 -44.039917 -23.939514 1
1421533293445 5603 1 -0.53466797 9.038788 3.9703522 0
1421533293447 5602 4 0.020126343 -0.31471252 -0.09233093 0
1421533293448 5602 11 0.46468523 0.32358414 0.47734812 1
1421533293510 5620 2 22.679138 -43.859863 -24.899292 1
1421533293513 5670 1 -0.1565857 9.286346 4.243698 0
1421533293514 5669 4 0.04966736 -0.19187927 -0.022735596 0
1421533293515 5669 11 0.4677459 0.3198869 0.47282952 1
1421533293578 5686 2 22.138977 -43.618774 -25.79956 1
1421533293580 5737 1 -0.1665039 9.326813 3.668045 0
1421533293583 5736 4 0.121414185 -0.057296753 -0.03163147 0
1421533293584 5736 11 0.4710666 0.31902924 0.46928856 1
1421533293675 5756 2 22.019958 -43.43872 -25.91858 1
1421533293676 5804 1 0.007461548 9.424408 3.963211 0
1421533293676 5803 4 0.15914917 -0.019195557 -0.07133484 0
1421533293676 5803 11 0.47353908 0.32150307 0.46685672 1
1421533293710 5821 2 21.839905 -43.199158 -26.098633 1
1421533293714 5872 1 -0.19467163 9.336334 3.7118835 0
1421533293715 5870 4 0.3613739 0.090270996 0.03564453 0
1421533293716 5870 11 0.477979 0.32693377 0.46466368 1
1421533293777 5887 2 21.71936 -43.078613 -26.399231 1
1421533293780 5939 1 0.09890747 9.516846 3.1384125 0
1421533293781 5938 4 0.230896 0.07318115 -0.15037537 0
1421533293782 5938 11 0.48284757 0.33404633 0.46128854 1
1421533293843 5957 2 21.77887 -43.319702 -26.159668 1
1421533293848 6006 1 -0.43826294 9.515854 3.3841858 0
1421533293848 6005 4 0.42796326 0.21951294 0.08300781 0
1421533293850 6005 11 0.4868973 0.3430811 0.45934978 1
1421533293910 6023 2 21.71936 -43.43872 -25.559998 1
1421533293916 6073 1 0.35539246 9.937378 2.8261871 0
1421533293916 6072 4 0.4243927 0.1609497 0.18624878 0
1421533293918 6072 11 0.49500856 0.3512137 0.46071473 1
1421533293977 6089 2 21.77887 -43.618774 -24.719238 1
1421533293982 6140 1 0.985199 9.958008 2.5939026 0
1421533293982 6139 4 0.5338745 0.052719116 0.03868103 0
1421533293984 6139 11 0.5051648 0.35848495 0.46017146 1
1421533294043 6158 2 21.958923 -43.859863 -23.638916 1
1421533294049 6207 1 0.16694641 9.611267 2.2598572 0
1421533294050 6206 4 0.5395813 -0.23957825 -0.0028076172 0
1421533294052 6206 11 0.51802576 0.36419457 0.45248863 1
1421533294110 6224 2 22.259521 -44.21997 -22.439575 1
1421533294117 6274 1 0.39546204 9.883423 2.1047363 0
1421533294117 6273 4 0.53227234 -0.43701172 -0.095718384 0
1421533294119 6273 11 0.53330815 0.365866 0.43940875 1
1421533294177 6290 2 22.019958 -44.87915 -21.359253 1
1421533294184 6341 1 0.38356018 10.075439 1.6123962 0
1421533294186 6340 4 0.7585449 -0.11550903 -0.14466858 0
1421533294186 6340 11 0.54897124 0.37143415 0.4242702 1
1421533294265 6360 2 22.079468 -45.47882 -20.159912 1
1421533294265 6409 1 0.020355225 10.016724 1.7240753 0
1421533294266 6408 4 0.89027405 -0.037704468 0.010726929 0
1421533294266 6408 11 0.5647808 0.38308764 0.4123256 1
1421533294311 6425 2 22.079468 -45.899963 -18.418884 1
1421533294318 6476 1 0.004486084 10.089325 0.95462036 0
1421533294320 6475 4 0.8781738 0.19281006 -0.023971558 0
1421533294322 6475 11 0.5803499 0.39695334 0.40307704 1
1421533294377 6491 2 21.899414 -46.4386 -16.499329 1
1421533294385 6543 1 0.079071045 9.535492 -0.37580872 0
1421533294386 6542 4 1.1808014 -0.17887878 0.08531189 0
1421533294387 6542 11 0.6008405 0.4095837 0.38946593 1
1421533294445 6561 2 21.77887 -47.158813 -14.399719 1
1421533294456 6610 1 -0.0026550293 8.928101 -0.96455383 0
1421533294457 6609 4 0.8502197 0.13424683 0.058792114 0
1421533294458 6609 11 0.6213547 0.42000696 0.37558833 1
1421533294510 6627 2 21.71936 -47.639465 -12.179565 1
1421533294520 6677 1 0.49305725 9.662247 -1.1397095 0
1421533294521 6676 4 0.5949402 0.40252686 0.01927185 0
1421533294524 6676 11 0.631424 0.43251175 0.37222907 1
1421533294577 6693 2 21.479797 -48.298645 -9.779358 1
1421533294587 6744 1 -0.07307434 9.353989 -1.5257263 0
1421533294589 6743 4 0.6924896 -0.04838562 0.20013428 0
1421533294590 6743 11 0.6419214 0.4406746 0.3682401 1
1421533294661 6784 5 0.0 0.0 0.0 0
1421533294661 6763 2 21.1792 -48.539734 -7.1990967 1
1421533294662 6811 1 0.58192444 9.4214325 -2.153946 0
1421533294662 6810 4 0.75390625 0.06428528 0.13000488 0
1421533294663 6810 11 0.65647113 0.44546905 0.36059487 1
1421533294710 6828 2 21.238708 -48.658752 -4.6188354 1
1421533294721 6879 1 0.8985138 9.248856 -2.5752716 0
1421533294722 6878 4 0.72631836 0.14404297 -0.06669617 0
1421533294724 6878 11 0.66776067 0.45472932 0.35277343 1
1421533294777 6895 2 20.939636 -48.539734 -1.739502 1
1421533294788 6946 1 0.29052734 8.7886505 -3.2826385 0
1421533294789 6945 4 0.7320099 -0.053024292 0.032806396 0
1421533294791 6945 11 0.6790112 0.4632935 0.34152597 1
1421533294874 6964 2 20.759583 -48.658752 0.8392334 1
1421533294875 7013 1 0.4817505 8.895767 -2.9702148 0
1421533294876 7012 4 0.59921265 -0.0067443848 0.13267517 0
1421533294877 7012 11 0.6900109 0.46852297 0.33237684 1
1421533294910 7030 2 20.458984 -48.239136 3.4194946 1
1421533294922 7080 1 0.5922394 8.602783 -3.9900055 0
1421533294923 7079 4 0.6551056 -0.036468506 0.108810425 0
1421533294924 7079 11 0.7017037 0.47153676 0.32344958 1
1421533294977 7096 2 20.039368 -47.87903 5.6396484 1
1421533294995 7147 1 0.7846527 8.589294 -4.2950897 0
1421533294996 7146 4 0.63160706 -0.044830322 0.17182922 0
1421533295000 7146 11 0.7135386 0.4740349 0.31435332 1
1421533295053 7166 2 19.67926 -47.21985 7.8598022 1
1421533295058 7214 1 0.6953888 8.14476 -4.2274475 0
1421533295061 7213 4 0.6275177 0.088134766 0.094573975 0
1421533295062 7213 11 0.723666 0.4775299 0.3070056 1
1421533295110 7231 2 19.378662 -46.739197 10.139465 1
1421533295129 7281 1 0.869751 7.9140625 -5.0907288 0
1421533295130 7280 4 0.4799347 -0.13989258 -6.713867E-4 0
1421533295130 7280 11 0.7324214 0.48084685 0.29781204 1
1421533295177 7297 2 19.018555 -46.258545 12.239075 1
1421533295195 7349 1 -0.05621338 6.917679 -6.064499 0
1421533295197 7348 4 0.33164978 -0.32414246 0.08300781 0
1421533295198 7348 11 0.74291074 0.4782846 0.2831558 1
1421533295274 7367 2 18.659973 -45.71991 14.099121 1
1421533295275 7416 1 0.84376526 7.595886 -5.2032013 0
1421533295276 7415 4 0.056259155 0.07424927 -0.106048584 0
1421533295278 7415 11 0.74652094 0.47841522 0.27693328 1
1421533295310 7433 2 18.539429 -45.539856 15.59906 1
1421533295326 7483 1 0.62358093 7.560974 -5.443817 0
1421533295328 7482 4 0.2810974 -0.1169281 0.12608337 0
1421533295331 7482 11 0.7493379 0.47888672 0.2735958 1
1421533295377 7499 2 18.47992 -45.059204 16.97998 1
1421533295393 7550 1 0.5932312 7.650635 -5.392441 0
1421533295396 7549 4 0.033828735 0.15792847 0.060043335 0
1421533295398 7549 11 0.7525797 0.47805238 0.27275074 1
1421533295445 7569 2 18.359375 -44.87915 18.058777 1
1421533295460 7617 1 0.89930725 7.771042 -5.2855225 0
1421533295461 7616 4 0.18211365 5.493164E-4 0.058258057 0
1421533295463 7616 11 0.75365424 0.47881302 0.2744094 1
1421533295510 7634 2 18.539429 -44.639587 19.018555 1
1421533295528 7684 1 0.8346405 7.7529907 -5.663208 0
1421533295528 7683 4 0.18673706 0.02067566 0.028167725 0
1421533295532 7683 11 0.7562806 0.4796088 0.27252227 1
1421533295578 7700 2 18.598938 -44.578552 19.67926 1
1421533295594 7751 1 0.5176544 7.4941254 -5.3488007 0
1421533295594 7750 4 0.14205933 0.1007843 0.013748169 0
1421533295597 7750 11 0.7575989 0.48155838 0.27184507 1
1421533295676 7770 2 18.838501 -44.33899 20.098877 1
1421533295678 7819 1 1.1912994 7.763504 -5.8393555 0
1421533295679 7818 4 0.08135986 0.038116455 -0.025405884 0
1421533295680 7818 11 0.7578738 0.48375753 0.27241835 1
1421533295710 7835 2 19.018555 -44.21997 20.518494 1
1421533295728 7886 1 1.0353851 7.6438904 -5.8546295 0
1421533295729 7885 4 0.06942749 0.029388428 -0.05833435 0
1421533295730 7885 11 0.75755715 0.48601753 0.27201352 1
1421533295777 7901 2 18.959045 -44.33899 20.819092 1
1421533295795 7953 1 0.89990234 7.736725 -5.699707 0
1421533295795 7952 4 0.07191467 -0.0040740967 -0.079696655 0
1421533295797 7952 11 0.7566215 0.4889648 0.27099603 1
1421533295843 7971 2 18.959045 -44.039917 21.238708 1
1421533295862 8020 1 0.56684875 7.5851746 -5.844116 0
1421533295863 8019 4 0.021377563 -0.023651123 -0.08503723 0
1421533295864 8019 11 0.7557743 0.491369 0.26895845 1
1421533295911 8037 2 18.838501 -43.97888 21.539307 1
1421533295929 8087 1 0.8905792 7.700821 -5.7058563 0
1421533295930 8086 4 -0.005508423 0.02708435 -0.04319763 0
1421533295933 8086 11 0.7542823 0.49350283 0.26882622 1
1421533295977 8103 2 18.899536 -43.67981 21.839905 1
1421533295998 8154 1 0.6537323 7.6107635 -5.4281464 0
1421533295999 8153 4 -0.028121948 0.045410156 -0.060821533 0
1421533296000 8153 11 0.7521869 0.49569234 0.27008104 1
1421533296069 8173 2 18.959045 -43.499756 22.019958 1
1421533296070 8221 1 0.66741943 7.6782074 -5.3472137 0
1421533296071 8220 4 -0.07475281 0.022628784 -0.004760742 0
1421533296072 8220 11 0.74990845 0.49717647 0.2721912 1
1421533296110 8238 2 18.838501 -43.43872 22.138977 1
1421533296131 8289 1 0.8679657 7.8444366 -5.8534393 0
1421533296133 8287 4 0.14704895 0.0763855 -0.015609741 0
1421533296133 8287 11 0.7492767 0.49868673 0.27327436 1
1421533296177 8304 2 18.659973 -43.13965 22.31903 1
1421533296199 8356 1 0.66186523 7.5464935 -5.99527 0
1421533296200 8355 4 0.03312683 0.09223938 -0.02166748 0
1421533296201 8355 11 0.74923164 0.5008659 0.27363008 1
1421533296263 8374 2 18.838501 -42.959595 22.499084 1
1421533296269 8423 1 0.98043823 7.530426 -6.055176 0
1421533296270 8422 4 -0.009246826 0.011947632 0.0365448 0
1421533296271 8422 11 0.74905777 0.501293 0.2750354 1
1421533296311 8439 2 18.899536 -42.599487 22.738647 1
1421533296333 8490 1 1.1909027 7.5464935 -5.620758 0
1421533296334 8489 4 -0.0181427 0.0074920654 0.034225464 0
1421533296336 8489 11 0.74882853 0.50092554 0.27684918 1
1421533296377 8506 2 18.719482 -42.419434 22.679138 1
1421533296399 8557 1 1.0988617 7.3116302 -5.99527 0
1421533296400 8556 4 0.02279663 -0.25863647 -0.025939941 0
1421533296402 8556 11 0.75021863 0.4992974 0.27396545 1
1421533296444 8575 2 18.899536 -42.359924 22.859192 1
1421533296467 8624 1 0.54403687 6.9561615 -6.0430756 0
1421533296468 8623 4 -0.21058655 0.018173218 -0.12207031 0
1421533296469 8623 11 0.7497147 0.4982467 0.27100945 1
1421533296510 8641 2 19.198608 -42.539978 22.679138 1
1421533296537 8691 1 0.34983826 6.859955 -5.9815826 0
1421533296543 8690 4 -0.2741394 0.021743774 -0.073638916 0
1421533296544 8690 11 0.746054 0.49780393 0.27338773 1
1421533296578 8707 2 19.1391 -42.658997 22.499084 1
1421533296601 8758 1 0.73625183 7.2027283 -5.7788544 0
1421533296603 8757 4 -0.5242615 0.025650024 -0.00440979 0
1421533296605 8757 11 0.74110395 0.49478245 0.27976876 1
1421533296658 8777 2 19.319153 -42.89856 22.31903 1
1421533296672 8826 1 0.51686096 7.3667755 -5.1663055 0
1421533296680 8825 4 -0.61647034 -0.009231567 5.79834E-4 0
1421533296684 8825 11 0.7342097 0.48936942 0.28914335 1
1421533296710 8842 2 19.499207 -43.37921 21.418762 1
1421533296735 8893 1 0.153656 7.4635773 -4.838806 0
1421533296736 8892 4 -0.68322754 -0.17460632 0.061645508 0
1421533296738 8892 11 0.72763425 0.48082784 0.2972257 1
1421533296777 8909 2 19.558716 -43.919373 20.339966 1
1421533296802 8960 1 0.38633728 7.6865387 -3.9017334 0
1421533296803 8959 4 -0.91038513 0.01550293 0.07606506 0
1421533296804 8959 11 0.71832705 0.47058657 0.3093299 1
1421533296847 8979 2 19.499207 -44.578552 18.778992 1
1421533296870 9027 1 0.20066833 8.304443 -3.027542 0
1421533296874 9026 4 -0.99565125 0.034561157 0.11932373 0
1421533296874 9026 11 0.70472854 0.45985433 0.32707193 1
1421533296910 9044 2 19.619751 -45.359802 16.918945 1
1421533296938 9094 1 1.0322113 9.050293 -2.4385986 0
1421533296940 9093 4 -1.0522614 0.17999268 0.036361694 0
1421533296942 9093 11 0.6875757 0.4499376 0.34856766 1
1421533296977 9110 2 19.499207 -46.139526 14.518738 1
1421533297005 9162 1 1.7984924 9.616028 -2.060913 0
1421533297006 9160 4 -1.0276947 0.1748352 -0.0410614 0
1421533297008 9160 11 0.66747713 0.4420013 0.3709875 1
1421533297076 9180 2 19.198608 -46.739197 11.999512 1
1421533297078 9228 1 0.089782715 8.85173 -1.4049225 0
1421533297078 9227 4 -0.95506287 0.013015747 -0.30755615 0
1421533297079 9227 11 0.6461628 0.436387 0.38580924 1
1421533297110 9245 2 19.259644 -47.399902 9.298706 1
1421533297138 9296 1 0.4867096 9.1262665 -0.51327515 0
1421533297142 9295 4 -1.1284485 0.051818848 -0.30915833 0
1421533297143 9295 11 0.6214867 0.43164137 0.39877638 1
1421533297177 9312 2 19.319153 -47.639465 6.059265 1
1421533297188 9351 5 1.0 0.0 0.0 0
1421533297208 9363 1 -0.5174103 8.931473 0.54499817 0
1421533297208 9362 4 -0.99832153 -0.06477356 -0.006011963 0
1421533297210 9362 11 0.5976566 0.42237896 0.4130814 1
1421533297246 9382 2 19.499207 -47.999573 3.1188965 1
1421533297279 9430 1 0.9762726 9.759048 1.221817 0
1421533297279 9429 4 -1.1462555 0.26116943 0.07321167 0
1421533297280 9429 11 0.57447 0.41008803 0.43405282 1
1421533297310 9447 2 19.499207 -48.059082 -0.29907227 1
1421533297341 9497 1 0.9129944 9.979431 2.3608246 0
1421533297343 9496 4 -1.0608063 0.26367188 0.06965637 0
1421533297344 9496 11 0.5474402 0.39924347 0.4592122 1
1421533297377 9513 2 19.859314 -47.999573 -3.4194946 1
1421533297407 9564 1 0.9651642 10.372589 2.8210297 0
1421533297408 9563 4 -1.0844879 0.2481842 -0.027359009 0
1421533297411 9563 11 0.52032167 0.3884655 0.4816678 1
1421533297446 9583 2 20.159912 -47.87903 -6.6589355 1
1421533297473 9631 1 0.20126343 10.643356 3.7926178 0
1421533297475 9630 4 -0.86035156 0.25654602 0.016784668 0
1421533297476 9630 11 0.49384084 0.37935492 0.50131243 1
1421533297510 9648 2 20.639038 -47.639465 -9.838867 1
1421533297542 9698 1 0.83106995 11.451889 3.4127502 0
1421533297543 9697 4 -0.6300049 0.12516785 -0.033584595 0
1421533297544 9697 11 0.47476453 0.37117478 0.5148439 1
1421533297578 9714 2 21.11969 -47.099304 -12.719727 1
1421533297612 9766 1 0.5991821 11.035126 3.3478851 0
1421533297613 9765 4 -0.16412354 0.056991577 -0.0579834 0
1421533297613 9765 11 0.46434474 0.36716816 0.520804 1
1421533297664 9784 2 21.238708 -46.4386 -15.419006 1
1421533297676 9833 1 0.13619995 10.156372 3.296112 0
1421533297678 9832 4 0.037750244 0.061965942 -0.023971558 0
1421533297679 9832 11 0.46109167 0.3683502 0.52204674 1
1421533297710 9850 2 21.598816 -46.199036 -17.459106 1
1421533297743 9900 1 -0.23295593 9.335739 2.3080597 0
1421533297745 9899 4 0.37686157 0.19441223 -0.20645142 0
1421533297746 9899 11 0.46226394 0.37645417 0.5179422 1
1421533297777 9916 2 21.71936 -45.83893 -19.1391 1
1421533297810 9967 1 -0.022491455 9.269485 2.2939758 0
1421533297811 9966 4 0.1262207 0.0801239 0.04899597 0
1421533297812 9966 11 0.4646315 0.38462028 0.51442385 1
1421533297845 9986 2 22.019958 -45.899963 -19.918823 1
1421533297877 10034 1 -0.25933838 9.1861725 2.55661 0
1421533297879 10033 4 -0.09701538 0.21043396 0.055236816 0
1421533297879 10033 11 0.4631838 0.38694826 0.5169209 1
1421533297910 10051 2 22.079468 -45.658875 -20.579529 1
1421533297944 10101 1 -0.25239563 9.102463 2.716095 0
1421533297945 10100 4 -0.10128784 0.31796265 0.08317566 0
1421533297946 10100 11 0.45741376 0.3894271 0.5231924 1
1421533297979 10117 2 22.31903 -45.41931 -20.999146 1
1421533298017 10168 1 -0.16194153 9.149673 3.190384 0
1421533298018 10167 4 -0.18727112 0.44026184 0.17521667 0
1421533298019 10167 11 0.44889814 0.39256334 0.53363955 1
1421533298068 10187 2 22.619629 -45.359802 -20.939636 1
1421533298080 10235 1 0.20185852 9.326813 3.3748627 0
1421533298080 10234 4 -0.2102356 0.54885864 0.17129517 0
1421533298082 10234 11 0.4378702 0.39604223 0.54742956 1
1421533298110 10252 2 22.619629 -45.599365 -20.698547 1
1421533298146 10303 1 0.008651733 9.252228 3.3964844 0
1421533298147 10302 4 -0.14631653 0.6770325 0.10757446 0
1421533298148 10302 11 0.4244388 0.40267292 0.56157607 1
1421533298177 10319 2 22.918701 -46.018982 -20.399475 1
1421533298213 10370 1 -0.17404175 9.106827 3.436554 0
1421533298214 10369 4 -0.10823059 0.79541016 0.19996643 0
1421533298215 10369 11 0.4095608 0.41230774 0.57670057 1
1421533298264 10389 2 22.979736 -45.959473 -19.979858 1
1421533298280 10437 1 0.3262329 9.2226715 3.727951 0
1421533298281 10436 4 -0.08329773 0.90631104 0.3423767 0
1421533298282 10436 11 0.39444768 0.42239988 0.595295 1
1421533298310 10454 2 23.278809 -45.959473 -19.499207 1
1421533298347 10504 1 0.3718567 9.129044 3.5180817 0
1421533298350 10503 4 -0.06977844 0.92233276 0.25941467 0
1421533298350 10503 11 0.3789313 0.43306053 0.6139556 1
1421533298377 10520 2 23.638916 -45.77942 -19.07959 1
1421533298414 10571 1 0.48036194 8.865814 3.5230408 0
1421533298415 10570 4 -0.1194458 1.0058289 0.2540741 0
1421533298417 10570 11 0.3612399 0.4441762 0.6319704 1
1421533298459 10590 2 23.81897 -45.959473 -18.539429 1
1421533298481 10638 1 0.14849854 8.646027 3.9241333 0
1421533298482 10637 4 -0.10609436 1.0396576 0.3879547 0
1421533298483 10637 11 0.34164873 0.4547706 0.65186125 1
1421533298510 10655 2 23.878479 -46.139526 -17.69867 1
1421533298548 10706 1 0.8913727 9.112976 3.2298584 0
1421533298549 10704 4 -0.12815857 1.0478363 0.37246704 0
1421533298550 10704 11 0.32429093 0.46364126 0.6706549 1
1421533298578 10722 2 24.119568 -46.07849 -16.799927 1
1421533298617 10773 1 1.224823 9.121307 4.072708 0
1421533298618 10772 4 -0.22962952 0.88531494 0.23468018 0
1421533298678 10772 11 0.30564904 0.46986648 0.68841165 1
1421533298679 10791 2 24.479675 -46.199036 -15.899658 1
1421533298682 10840 1 1.0335999 9.185379 3.61409 0
1421533298683 10839 4 -0.063186646 0.53086853 0.23022461 0
1421533298686 10839 11 0.29291534 0.47344935 0.7003791 1
1421533298710 10856 2 24.598694 -46.4386 -14.819336 1
1421533298750 10907 1 0.32087708 9.126663 4.1425323 0
1421533298751 10906 4 -0.09664917 0.33914185 0.16578674 0
1421533298754 10906 11 0.28524217 0.47525594 0.70868814 1
1421533298778 10923 2 24.659729 -46.739197 -14.039612 1
1421533298816 10974 1 0.16397095 9.412109 3.5851288 0
1421533298817 10973 4 -0.111068726 0.2508545 0.16720581 0
1421533298840 10973 11 0.28080305 0.47499272 0.71443886 1
1421533298843 10993 2 24.719238 -47.099304 -13.439941 1
1421533298883 11041 1 0.02709961 9.289322 3.4440918 0
1421533298884 11040 4 -0.067108154 0.24479675 0.17930603 0
1421533298885 11040 11 0.27770448 0.4744983 0.71941525 1
1421533298910 11058 2 24.539185 -47.399902 -13.018799 1
1421533298951 11108 1 0.09434509 9.032242 3.1007233 0
1421533298952 11107 4 -0.16590881 0.046661377 0.299469 0
1421533298953 11107 11 0.27804726 0.47133467 0.72440934 1
1421533298977 11124 2 24.41864 -47.579956 -12.838745 1
1421533299018 11175 1 0.6586914 9.217316 3.5865173 0
1421533299019 11174 4 -0.10110474 0.08938599 -0.0058288574 0
1421533299020 11174 11 0.27879494 0.46704596 0.7279319 1
1421533299066 11194 2 24.119568 -47.87903 -12.658691 1
1421533299085 11243 1 0.077682495 9.011612 3.7783356 0
1421533299086 11241 4 -0.05517578 -0.035568237 -0.0864563 0
1421533299088 11241 11 0.27713335 0.46577582 0.72794807 1
1421533299110 11259 2 23.75946 -48.11859 -12.599182 1
1421533299152 11310 1 0.03919983 9.007446 3.272705 0
1421533299153 11309 4 -0.018676758 -0.053375244 -0.05014038 0
1421533299155 11309 11 0.27808523 0.46485204 0.72569805 1
1421533299177 11326 2 23.399353 -48.11859 -12.838745 1
1421533299251 11377 1 -0.10580444 8.971741 3.323883 0
1421533299255 11376 4 -0.07421875 -0.06352234 0.0069885254 0
1421533299255 11376 11 0.2796723 0.46318093 0.72423154 1
1421533299256 11395 2 23.2193 -48.11859 -12.95929 1
1421533299286 11444 1 0.20999146 8.871567 3.1415863 0
1421533299288 11443 4 -0.05055237 -0.21038818 0.12181091 0
1421533299294 11443 11 0.28481707 0.45900622 0.7232337 1
1421533299310 11461 2 23.039246 -48.179626 -13.139343 1
1421533299355 11511 1 0.62060547 8.992569 3.1876068 0
1421533299362 11510 4 -0.20185852 0.058059692 0.10899353 0
1421533299364 11510 11 0.28885356 0.45338252 0.7243489 1
1421533299377 11527 2 22.738647 -48.11859 -13.259888 1
1421533299464 11578 1 0.20205688 9.110001 2.7033997 0
1421533299465 11577 4 -0.09736633 0.12463379 -0.037857056 0
1421533299466 11577 11 0.2874695 0.45084727 0.7255225 1
1421533299467 11597 2 22.619629 -47.999573 -13.439941 1
1421533299488 11645 1 0.41966248 9.54184 2.610962 0
1421533299494 11644 4 -0.043777466 -0.19223022 -0.16033936 0
1421533299495 11644 11 0.28899893 0.44955254 0.72185075 1
1421533299510 11662 2 22.918701 -48.239136 -13.499451 1
1421533299555 11713 1 -0.17662048 9.401398 2.5264587 0
1421533299556 11711 4 0.03579712 -0.4172516 -0.042129517 0
1421533299562 11711 11 0.2971705 0.44631204 0.7145604 1
1421533299577 11728 2 23.2193 -48.059082 -13.739014 1
1421533299672 11780 1 -0.16809082 9.691208 2.228119 0
1421533299675 11779 4 -0.07421875 -0.3542328 -0.03768921 0
1421533299676 11779 11 0.30843493 0.44080728 0.70683426 1
1421533299676 11798 2 23.098755 -48.059082 -13.978577 1
1421533299690 11847 1 0.24986267 9.738419 3.5115356 0
1421533299694 11846 4 -0.31507874 -0.10784912 -0.046936035 0
1421533299694 11846 11 0.311992 0.4330392 0.70477366 1
1421533299710 11864 2 23.339844 -47.999573 -14.399719 1
1421533299760 11914 1 0.60513306 9.8875885 4.3311768 0
1421533299761 11913 4 -0.30297852 -0.16018677 -0.09660339 0
1421533299762 11913 11 0.3105648 0.4240571 0.7055982 1
1421533299777 11930 2 23.339844 -47.758484 -14.93988 1
1421533299853 11981 1 0.5660553 9.263535 7.0071106 0
1421533299854 11980 4 -0.47512817 -0.18136597 -0.30773926 0
1421533299855 11980 11 0.30303353 0.4137457 0.7089246 1
1421533299856 12000 2 23.519897 -47.338867 -15.539551 1
1421533299891 12048 1 1.2646942 8.075928 6.9263763 0
1421533299897 12047 4 -8.8500977E-4 0.005004883 -0.2303009 0
1421533299898 12047 11 0.29554856 0.40821266 0.7102087 1
1421533299910 12065 2 24.119568 -46.91925 -16.259766 1
1421533299964 12115 1 1.314682 7.6276245 8.1054535 0
1421533299965 12114 4 0.021728516 -0.22729492 -0.2367096 0
1421533299966 12114 11 0.29158095 0.40749374 0.7102728 1
1421533299977 12131 2 24.35913 -46.559143 -16.679382 1
1421533300091 12182 1 1.010788 7.2378387 6.563568 0
1421533300094 12181 4 0.03062439 -0.0574646 -0.10498047 0
1421533300095 12181 11 0.29101244 0.40632603 0.70893127 1
1421533300096 12201 2 24.479675 -45.959473 -17.459106 1
1421533300096 12250 1 0.8152008 7.5127716 6.055359 0
1421533300097 12249 4 0.039886475 -0.15359497 -0.026641846 0
1421533300097 12249 11 0.29187495 0.4051825 0.7085653 1
1421533300110 12267 2 24.539185 -45.539856 -17.939758 1
1421533300163 12317 1 1.0704956 7.7184753 5.740555 0
1421533300163 12316 4 -0.13920593 -0.21537781 -0.06349182 0
1421533300164 12316 11 0.29438618 0.4003571 0.70817614 1
1421533300177 12333 2 25.079346 -44.87915 -18.418884 1
1421533300281 12384 1 1.0829926 7.9025574 5.2398834 0
1421533300282 12383 4 -0.19100952 -0.13543701 -0.10354614 0
1421533300282 12383 11 0.29516393 0.39338657 0.7077017 1
1421533300283 12402 2 25.318909 -44.33899 -18.959045 1
1421533300295 12451 1 0.7003479 7.8319397 5.514221 0
1421533300296 12450 4 -0.13563538 -0.23583984 -0.20555115 0
1421533300300 12450 11 0.29458165 0.3872297 0.7061231 1
1421533300310 12468 2 25.738525 -43.859863 -19.499207 1
1421533300361 12518 1 1.2236328 8.177689 4.936783 0
1421533300362 12517 4 -0.1157074 0.08369446 -0.18952942 0
1421533300363 12517 11 0.29319242 0.38392448 0.7031144 1
1421533300377 12534 2 26.039124 -43.67981 -19.918823 1
1421533300437 12585 1 0.41192627 8.139801 4.5515594 0
1421533300439 12584 4 -0.040405273 0.09739685 -0.30168152 0
1421533300446 12584 11 0.28785944 0.38575867 0.69967973 1
1421533300447 12604 2 26.399231 -43.43872 -20.219421 1
1421533300494 12652 1 0.91041565 8.343521 4.0647736 0
1421533300496 12651 4 -0.027053833 0.24658203 -0.23724365 0
1421533300497 12651 11 0.2825813 0.3898788 0.6951207 1
1421533300510 12669 2 26.818848 -43.019104 -20.759583 1
1421533300564 12719 1 -0.15142822 8.147934 4.732071 0
1421533300565 12719 4 0.042373657 1.9836426E-4 -0.06794739 0
1421533300565 12719 11 0.27869913 0.3935686 0.69268966 1
1421533300577 12735 2 27.359009 -42.539978 -20.759583 1
1421533300680 12787 1 0.10823059 8.957855 4.8429565 0
1421533300681 12786 4 0.015670776 0.18106079 -0.042663574 0
1421533300683 12786 11 0.27807507 0.39602247 0.6908934 1
1421533300689 12805 2 27.95868 -42.23938 -20.999146 1
1421533300704 12854 1 0.41886902 8.591476 5.4213867 0
1421533300704 12853 4 -0.22375488 -0.04020691 -0.11476135 0
1421533300704 12853 11 0.27469477 0.3948255 0.69120914 1
1421533300710 12871 2 28.138733 -41.758728 -21.238708 1
1421533300765 12921 1 -1.6988678 7.5171356 6.927368 0
1421533300766 12920 4 -0.30671692 -0.05052185 0.024612427 0
1421533300766 12920 11 0.2669018 0.38871062 0.69579387 1
1421533300777 12937 2 28.439331 -41.578674 -21.479797 1
1421533300842 12988 1 0.27366638 8.704742 5.858185 0
1421533300842 12987 4 -0.2538452 -0.3451538 0.12608337 0
1421533300843 12987 11 0.26850456 0.37728038 0.69856745 1
1421533300844 13006 2 28.678894 -41.33911 -21.77887 1
1421533300898 13055 1 -0.9419098 7.242798 7.362381 0
1421533300898 13054 4 -0.33039856 -0.09681702 -0.10853577 0
1421533300900 13054 11 0.2654848 0.36632943 0.7029845 1
1421533300910 13072 2 28.619385 -40.859985 -22.439575 1
1421533300966 13123 1 -0.19348145 7.2632294 7.418518 0
1421533300968 13121 4 -0.22909546 -0.37487793 -0.023803711 0
1421533300968 13121 11 0.26309276 0.3554893 0.70537996 1
1421533300977 13138 2 28.619385 -40.67993 -23.039246 1
1421533301076 13190 1 3.2043457E-4 7.3661804 6.7877197 0
1421533301076 13189 4 -0.027404785 -0.04197693 -0.059753418 0
1421533301077 13189 11 0.26421 0.34858954 0.70553446 1
1421533301099 13257 1 -0.2492218 7.155716 6.28685 0
1421533301099 13256 4 0.07121277 -0.2986908 -0.20484924 0
1421533301101 13256 11 0.2662632 0.3470084 0.7021087 1
1421533301110 13208 2 28.379822 -40.499878 -23.579407 1
1421533301166 13324 1 0.0017089844 7.503647 5.866913 0
1421533301167 13323 4 0.123184204 -0.3031311 -0.1635437 0
1421533301168 13323 11 0.27309418 0.3450591 0.6947671 1
1421533301177 13340 2 27.778625 -40.19928 -25.379944 1
1421533301242 13391 1 0.12171936 8.074539 5.892105 0
1421533301243 13390 4 0.26382446 -0.3451538 -0.079696655 0
1421533301243 13390 11 0.2833522 0.34427306 0.68677974 1
1421533301301 13458 1 0.5345154 8.112625 6.3300934 0
1421533301302 13457 4 0.26454163 -0.5842285 -0.110672 0
1421533301303 13457 11 0.29795805 0.34177864 0.6777735 1
1421533301310 13409 2 27.539063 -40.379333 -26.219177 1
1421533301371 13525 1 0.45735168 8.685104 5.5612335 0
1421533301372 13524 4 0.055007935 -0.41867065 -0.054595947 0
1421533301375 13524 11 0.31241712 0.33620325 0.6681858 1
1421533301377 13475 2 27.23999 -40.499878 -26.519775 1
1421533301466 13592 1 0.22883606 8.491699 6.6078033 0
1421533301466 13591 4 -0.21343994 -0.2997589 -0.10835266 0
1421533301467 13591 11 0.3173711 0.32814145 0.66418594 1
1421533301467 13541 2 26.879883 -40.499878 -26.939392 1
1421533301506 13659 1 1.3095245 7.590332 7.2173767 0
1421533301508 13658 4 0.043792725 -0.4699402 -0.03555298 0
1421533301508 13658 11 0.3222318 0.31859648 0.6620063 1
1421533301510 13611 2 26.759338 -40.79895 -27.059937 1
1421533301570 13727 1 1.4590912 6.8897095 6.8230286 0
1421533301571 13726 4 0.23640442 -0.7108002 -0.10675049 0
1421533301576 13726 11 0.33576438 0.30998284 0.6553707 1
1421533301578 13676 2 26.159668 -40.919495 -27.23999 1
1421533301663 13794 1 1.2383118 6.8956604 7.2193604 0
1421533301664 13793 4 0.09524536 -0.62677 -0.3526001 0
1421533301666 13793 11 0.34882253 0.3023316 0.64478606 1
1421533301668 13742 2 25.559998 -41.159058 -27.659607 1
1421533301707 13861 1 1.1867371 7.12735 6.6312103 0
1421533301708 13860 4 0.1465149 -0.5532532 -0.2294159 0
1421533301708 13860 11 0.35913947 0.29603735 0.6332097 1
1421533301710 13813 2 25.019836 -41.33911 -27.659607 1
1421533301773 13928 1 1.314682 7.400894 6.1162567 0
1421533301774 13927 4 0.10787964 -0.38876343 -0.26715088 0
1421533301775 13927 11 0.3681003 0.2917439 0.6229563 1
1421533301777 13878 2 24.41864 -41.519165 -27.719116 1
1421533301864 13995 1 1.5695801 7.4235077 6.02124 0
1421533301865 13994 4 0.14437866 -0.5174713 -0.1847229 0
1421533301865 13994 11 0.37691703 0.2873701 0.61336696 1
1421533301868 13944 2 23.939514 -41.519165 -27.83966 1
1421533301905 14062 1 1.8627625 7.620285 5.899048 0
1421533301907 14061 4 0.048599243 -0.46585083 -0.29563904 0
1421533301908 14061 11 0.3859434 0.28153843 0.60304606 1
1421533301910 14014 2 23.579407 -41.39862 -28.079224 1
1421533301972 14129 1 1.2359314 7.5518494 6.121811 0
1421533301974 14128 4 0.0042877197 -0.4368286 -0.3526001 0
1421533301975 14128 11 0.39102072 0.27664194 0.59212136 1
1421533301977 14079 2 23.15979 -41.33911 -28.49884 1
1421533302090 14197 1 1.284729 7.8660583 5.4658203 0
1421533302091 14196 4 0.025283813 -0.4192047 -0.33319092 0
1421533302091 14196 11 0.3960855 0.27200422 0.5798949 1
1421533302092 14145 2 22.679138 -41.09955 -28.799438 1
1421533302107 14264 1 0.61128235 7.9364777 5.366638 0
1421533302108 14263 4 0.020126343 -0.27999878 -0.33799744 0
1421533302109 14263 11 0.3995818 0.26948595 0.568103 1
1421533302110 14215 2 22.619629 -40.859985 -29.09851 1
1421533302176 14331 1 0.80607605 7.874588 5.723297 0
1421533302177 14330 4 0.050735474 -0.5144501 -0.26341248 0
1421533302186 14330 11 0.40405044 0.26559484 0.557073 1
1421533302186 14281 2 22.679138 -40.67993 -29.399109 1
1421533302254 14398 1 0.18797302 7.7980194 6.0997925 0
1421533302255 14397 4 -0.10430908 -0.054260254 -0.30648804 0
1421533302255 14397 11 0.4043889 0.26324886 0.5485033 1
1421533302256 14347 2 22.679138 -40.319824 -29.87976 1
1421533302308 14465 1 0.21118164 8.079102 5.5993195 0
1421533302308 14464 4 -0.0012359619 -0.17425537 -0.2441864 0
1421533302311 14464 11 0.40195394 0.26395243 0.5417143 1
1421533302311 14417 2 22.679138 -39.89868 -30.119324 1
1421533302375 14532 1 0.15802002 8.173523 5.7391663 0
1421533302375 14531 4 0.010864258 -0.15075684 -0.21516418 0
1421533302377 14531 11 0.40201566 0.2639138 0.53486556 1
1421533302377 14482 2 22.738647 -39.59961 -30.718994 1
1421533302442 14600 1 0.1409607 8.356415 5.6171722 0
1421533302442 14598 4 0.0769043 -0.094680786 -0.15766907 0
1421533302444 14598 11 0.4029246 0.26479194 0.5288218 1
1421533302444 14548 2 22.738647 -39.118958 -31.3797 1
1421533302511 14667 1 -0.08795166 8.53157 5.564209 0
1421533302512 14666 4 0.047531128 -0.025787354 -0.1738739 0
1421533302513 14618 2 22.979736 -38.879395 -31.678772 1
1421533302513 14666 11 0.40341207 0.2672106 0.5235766 1
1421533302577 14734 1 -0.03617859 8.932266 5.8611603 0
1421533302580 14733 4 0.15647888 0.03883362 -0.080947876 0
1421533302581 14684 2 23.15979 -38.578796 -31.97937 1
1421533302582 14733 11 0.40392044 0.27130112 0.5200112 1
1421533302692 14801 1 -0.33154297 9.113174 6.1646576 0
1421533302693 14800 4 0.3010254 0.10469055 -0.05619812 0
1421533302694 14749 2 23.15979 -38.519287 -32.03888 1
1421533302694 14800 11 0.4062851 0.27849224 0.5178671 1
1421533302716 14868 1 0.014602661 9.300034 5.678665 0
1421533302716 14867 4 0.47869873 0.22521973 -0.0026245117 0
1421533302718 14820 2 23.579407 -38.279724 -31.97937 1
1421533302719 14867 11 0.4116695 0.28973392 0.51624054 1
1421533302777 14885 2 23.999023 -38.339233 -31.559753 1
1421533302779 14935 1 0.013214111 9.360733 5.5154114 0
1421533302780 14934 4 0.7108307 0.17785645 0.05203247 0
1421533302780 14934 11 0.42130426 0.30453426 0.5146396 1
1421533302857 14951 2 24.41864 -38.819885 -31.019592 1
1421533302858 15002 1 0.8136139 9.678909 5.0563965 0
1421533302859 15001 4 0.86250305 0.20687866 -0.029312134 0
1421533302859 15001 11 0.4354772 0.3219143 0.5109353 1
1421533302911 15021 2 24.839783 -39.239502 -29.818726 1
1421533302912 15070 1 0.040786743 9.324036 3.9749146 0
1421533302913 15068 4 0.9963684 0.2506714 -0.17155457 0
1421533302915 15068 11 0.4508468 0.34398276 0.5021315 1
1421533302978 15086 2 25.2594 -39.959717 -28.138733 1
1421533302984 15137 1 -0.14746094 9.733856 3.42128 0
1421533302985 15136 4 1.0606384 0.013549805 -0.11262512 0
1421533302986 15136 11 0.46904165 0.36581296 0.48900756 1
1421533303076 15153 2 25.498962 -40.67993 -26.339722 1
1421533303078 15204 1 -0.1427002 10.053421 3.287384 0
1421533303078 15203 4 1.0987396 0.037231445 -0.041778564 0
1421533303079 15203 11 0.4895105 0.38490665 0.47514343 1
1421533303110 15223 2 25.979614 -41.69922 -23.878479 1
1421533303113 15271 1 0.06756592 9.961578 2.8281708 0
1421533303114 15270 4 1.308258 0.17785645 -0.025756836 0
1421533303116 15270 11 0.5106697 0.4065261 0.4621222 1
1421533303177 15288 2 26.278687 -42.359924 -21.359253 1
1421533303181 15338 1 -0.06355286 9.644394 1.2434387 0
1421533303184 15337 4 1.4107971 0.14297485 0.023010254 0
1421533303184 15337 11 0.53467566 0.42995882 0.44640863 1
1421533303271 15354 2 26.519775 -43.319702 -17.878723 1
1421533303276 15405 1 0.23716736 9.291702 0.5898285 0
1421533303278 15404 4 1.353836 0.024765015 0.14459229 0
1421533303279 15404 11 0.5600437 0.44999215 0.43022335 1
1421533303310 15424 2 26.638794 -44.158936 -14.4592285 1
1421533303315 15472 1 0.03265381 8.999512 -0.5473938 0
1421533303315 15471 4 1.317337 0.043273926 0.08157349 0
1421533303317 15471 11 0.5850142 0.4668382 0.4125787 1
1421533303377 15489 2 26.69983 -44.639587 -10.919189 1
1421533303382 15540 1 -0.37934875 8.614685 -1.6973114 0
1421533303383 15538 4 1.2571716 0.019424438 0.24002075 0
1421533303384 15538 11 0.60943484 0.48093227 0.39453462 1
1421533303460 15555 2 26.519775 -45.17975 -7.258606 1
1421533303461 15607 1 0.19511414 8.960037 -3.3447266 0
1421533303461 15606 4 1.0111542 0.011947632 0.32670593 0
1421533303462 15606 11 0.63379765 0.4885391 0.37924832 1
1421533303510 15625 2 26.159668 -45.47882 -3.4194946 1
1421533303516 15674 1 0.55633545 8.801147 -2.8507996 0
1421533303517 15673 4 1.1270447 -0.39570618 0.33062744 0
1421533303518 15673 11 0.6577424 0.4915491 0.3626805 1
1421533303577 15691 2 25.619507 -45.71991 0.35858154 1
1421533303584 15741 1 0.112594604 7.9059296 -3.8918152 0
1421533303584 15740 4 1.0752411 -0.6185913 0.28131104 0
1421533303586 15740 11 0.6852627 0.48978814 0.33622745 1
1421533303656 15757 2 25.079346 -45.599365 3.8986206 1
1421533303657 15808 1 0.22705078 7.376892 -5.287903 0
1421533303657 15807 4 1.1382599 -0.6639862 0.62294006 0
1421533303658 15807 11 0.7164586 0.48124114 0.3070889 1
1421533303711 15827 2 24.598694 -45.71991 7.258606 1
1421533303717 15875 1 0.29766846 7.186859 -6.0287933 0
1421533303718 15874 4 1.0065155 -1.0203705 0.87020874 0
1421533303720 15874 11 0.751987 0.46172962 0.27706772 1
1421533303777 15892 2 23.81897 -45.41931 10.139465 1
1421533303785 15942 1 0.5666504 7.119812 -5.7963104 0
1421533303786 15941 4 0.7637024 -1.1193542 0.9985504 0
1421533303788 15941 11 0.7867869 0.43265927 0.24699871 1
1421533303860 15958 2 22.738647 -45.298767 12.539673 1
1421533303861 16010 1 0.6735687 6.8972473 -6.06192 0
1421533303861 16008 4 0.69766235 -1.3290558 1.280365 0
1421533303862 16008 11 0.8209995 0.39407653 0.21705782 1
1421533303910 16028 2 21.598816 -45.239258 14.639282 1
1421533303919 16077 1 0.42362976 6.398163 -6.130951 0
1421533303921 16075 4 0.4701538 -1.2971954 1.2614899 0
1421533303921 16075 11 0.85271245 0.34832728 0.18703246 1
1421533303977 16093 2 20.219421 -45.17975 16.378784 1
1421533303987 16144 1 0.72454834 6.2095184 -6.56279 0
1421533303990 16143 4 0.7259674 -2.0187073 1.58638 0
1421533303993 16143 11 0.8842258 0.29376635 0.14834286 1
1421533304079 16160 2 18.778992 -45.118713 17.939758 1
1421533304081 16211 1 0.71403503 6.147629 -6.789917 0
1421533304081 16210 4 0.50735474 -1.747406 1.5187225 0
1421533304082 16210 11 0.9125814 0.23238708 0.10383259 1
1421533304110 16230 2 16.918945 -42.478943 20.939636 1
1421533304120 16278 1 0.67059326 6.0113525 -7.071991 0
1421533304121 16277 4 0.41496277 -1.9756317 1.577652 0
1421533304122 16277 11 0.93306816 0.16972989 0.060873367 1
1421533304178 16295 2 14.93988 -42.718506 21.899414 1
1421533304190 16345 1 0.38356018 6.5723267 -7.1316986 0
1421533304193 16344 4 0.13031006 -1.61763 1.4409332 0
1421533304194 16344 11 0.9453842 0.10725843 0.020206753 1
1421533304273 16361 2 12.89978 -42.83905 22.558594 1
1421533304275 16412 1 0.8495178 6.575302 -6.7236633 0
1421533304275 16411 4 0.084732056 -1.6697845 1.3327026 0
1421533304277 16411 11 0.95024145 0.050156776 -0.015250897 1
1421533304310 16431 2 10.198975 -41.33911 23.878479 1
1421533304322 16479 1 0.45298767 6.0772095 -6.6355896 0
1421533304324 16478 4 -0.0037231445 -1.4582977 1.2467194 0
1421533304325 16478 11 0.9502336 -0.00407145 -0.04940029 1
1421533304377 16496 2 8.039856 -41.279602 24.179077 1
1421533304389 16547 1 0.7959595 6.450531 -6.5691376 0
1421533304390 16546 4 0.026885986 -1.6042786 1.3250427 0
1421533304391 16546 11 0.9460502 -0.057466228 -0.08152603 1
1421533304461 16563 2 5.5786133 -41.39862 24.778748 1
1421533304462 16614 1 0.42977905 6.842102 -6.042877 0
1421533304462 16613 4 -0.006225586 -1.543747 1.1947327 0
1421533304462 16613 11 0.9377074 -0.11140366 -0.1154966 1
1421533304510 16632 2 3.5385132 -41.279602 25.19989 1
1421533304523 16681 1 -1.2049408 6.2166595 -6.769684 0
1421533304523 16680 4 0.18656921 -1.6975555 1.3494263 0
1421533304524 16680 11 0.9259823 -0.16783683 -0.15183249 1
1421533304577 16697 2 1.6189575 -41.159058 25.379944 1
1421533304590 16748 1 -0.4146576 6.523529 -6.5681458 0
1421533304591 16747 4 0.04307556 -1.6343689 1.392868 0
1421533304592 16747 11 0.909458 -0.22636206 -0.1862532 1
1421533304647 16764 2 -0.23956299 -40.67993 25.85907 1
1421533304658 16815 1 -0.5124512 6.4400177 -6.8325653 0
1421533304658 16814 4 -0.2034607 -1.321579 1.253128 0
1421533304660 16814 11 0.8884263 -0.279491 -0.21589188 1
1421533304710 16833 2 -2.0996094 -40.379333 26.219177 1
1421533304725 16882 1 -0.3930359 6.7492676 -5.8278503 0
1421533304729 16881 4 -0.37739563 -1.2781525 1.1365204 0
1421533304729 16881 11 0.8635043 -0.32594898 -0.24345702 1
1421533304777 16899 2 -3.8986206 -40.078735 26.638794 1
1421533304797 16949 1 -0.28056335 6.7480774 -5.791153 0
1421533304798 16948 4 -0.46818542 -1.246994 1.1329651 0
1421533304799 16948 11 0.83537006 -0.3681159 -0.27077967 1
1421533304868 16965 2 -5.5786133 -39.89868 26.759338 1
1421533304870 17017 1 -1.0359344 6.5973206 -6.0615234 0
1421533304870 17015 4 -0.6292877 -1.2728119 1.0131531 0
1421533304871 17015 11 0.80429715 -0.40605763 -0.2995 1
1421533304910 17035 2 -7.1990967 -39.65912 26.998901 1
1421533304926 17084 1 -1.3465729 6.99028 -4.701935 0
1421533304927 17083 4 -0.90023804 -1.1763153 1.0097656 0
1421533304928 17083 11 0.76791376 -0.44023794 -0.33149838 1
1421533304977 17100 2 -8.639526 -39.538574 26.69983 1
1421533304993 17151 1 -0.3924408 8.409378 -3.072174 0
1421533304994 17150 4 -1.1590729 -1.0305176 0.9460449 0
1421533304999 17150 11 0.7249161 -0.47014886 -0.3649854 1
1421533305047 17206 5 2.0 0.0 0.0 0
1421533305048 17167 2 -10.079956 -39.419556 25.979614 1
1421533305060 17218 1 -0.62254333 9.0516815 -2.1622772 0
1421533305061 17217 4 -1.0901794 -1.1161499 0.67829895 0
1421533305063 17217 11 0.67991185 -0.4931746 -0.40096328 1
1421533305110 17236 2 -11.698914 -39.35852 25.079346 1
1421533305128 17285 1 -0.5866394 9.4557495 -1.3416443 0
1421533305129 17284 4 -1.1090546 -1.1287842 0.44099426 0
1421533305131 17284 11 0.63557386 -0.50950366 -0.43986905 1
1421533305177 17302 2 -12.89978 -39.839172 23.81897 1
1421533305195 17352 1 -1.6252747 9.455353 -0.4275818 0
1421533305196 17351 4 -1.0932007 -0.9854889 0.25372314 0
1421533305198 17351 11 0.59386337 -0.5177696 -0.47978356 1
1421533305268 17368 2 -13.798523 -40.13977 22.019958 1
1421533305269 17419 1 -1.2277527 9.9796295 -0.11099243 0
1421533305269 17418 4 -1.0932007 -0.8037262 0.34165955 0
1421533305270 17418 11 0.5546359 -0.52079606 -0.5150223 1
1421533305310 17438 2 -14.579773 -40.559387 20.039368 1
1421533305330 17487 1 -0.9724579 10.099838 1.2166595 0
1421533305331 17485 4 -0.98924255 -0.8158264 0.16899109 0
1421533305332 17485 11 0.51604533 -0.5215005 -0.5481017 1
1421533305346 17509 5 4.0 0.0 0.0 0
1421533305377 17503 2 -15.179443 -40.919495 17.878723 1
1421533305397 17554 1 -0.48944092 9.956223 0.85305786 0
1421533305399 17553 4 -0.96395874 -0.5276184 0.16239929 0
1421533305399 17553 11 0.4832529 -0.5178039 -0.57604647 1
1421533305449 17570 2 -15.779114 -41.519165 15.478516 1
1421533305463 17621 1 -0.3319397 9.904251 1.4191895 0
1421533305464 17620 4 -1.0599213 -0.38449097 -0.09536743 0
1421533305466 17620 11 0.45614806 -0.5070153 -0.6018266 1
1421533305498 17660 5 2.0 0.0 0.0 0
1421533305510 17639 2 -15.9591675 -41.93878 13.018799 1
1421533305530 17688 1 -0.55589294 9.591232 2.4048615 0
1421533305531 17687 4 -0.9949341 -0.4264984 -0.07987976 0
1421533305533 17687 11 0.43116564 -0.49221322 -0.628498 1
1421533305577 17705 2 -16.018677 -42.539978 10.618591 1
1421533305598 17755 1 -1.1232147 9.479355 2.8283691 0
1421533305602 17754 4 -0.9045105 -0.40283203 -0.12597656 0
1421533305602 17754 11 0.4079196 -0.47747743 -0.6530786 1
1421533305688 17771 2 -15.9591675 -43.019104 7.8598022 1
1421533305689 17822 1 -1.0518036 9.562271 3.3895416 0
1421533305689 17821 4 -0.89079285 -0.37719727 -0.0725708 0
1421533305690 17821 11 0.38574326 -0.46284902 -0.67540175 1
1421533305710 17841 2 -16.19873 -43.13965 5.3390503 1
1421533305732 17889 1 -0.4424286 9.893539 3.7957916 0
1421533305734 17888 4 -0.69692993 -0.37345886 0.053451538 0
1421533305734 17888 11 0.3635068 -0.4513565 -0.69355637 1
1421533305778 17906 2 -16.259766 -43.13965 2.6397705 1
1421533305800 17957 1 -1.0325623 9.721558 4.891754 0
1421533305802 17955 4 -0.59529114 -0.34283447 -0.12687683 0
1421533305803 17955 11 0.343961 -0.44160435 -0.7099473 1
1421533305866 17972 2 -16.43982 -43.37921 0.29907227 1
1421533305867 18024 1 -0.95658875 9.665024 3.7946014 0
1421533305868 18023 4 -0.308136 -0.27108765 0.02709961 0
1421533305869 18023 11 0.33074918 -0.43520707 -0.7205914 1
1421533305910 18042 2 -16.43982 -43.618774 -1.7990112 1
1421533305937 18091 1 -0.54022217 9.901077 4.921112 0
1421533305937 18090 4 -0.31793213 -0.3828888 0.07569885 0
1421533305938 18090 11 0.31604815 -0.43364233 -0.7288336 1
1421533305950 18113 5 3.0 0.0 0.0 0
1421533305977 18108 2 -16.499329 -43.258667 -3.718567 1
1421533306002 18158 1 -1.3519287 9.330383 5.1662903 0
1421533306005 18157 4 -0.11694336 0.0662384 0.261734 0
1421533306005 18157 11 0.3060708 -0.4321293 -0.73228014 1
1421533306084 18174 2 -16.738892 -43.019104 -5.1589966 1
1421533306085 18225 1 -0.3507843 9.262741 4.361725 0
1421533306085 18224 4 0.16342163 0.3138733 0.3126526 0
1421533306086 18224 11 0.30633572 -0.43336645 -0.72601074 1
1421533306101 18265 5 2.0 0.0 0.0 0
1421533306110 18243 2 -17.279053 -42.539978 -6.239319 1
1421533306134 18292 1 0.22070313 9.21434 4.0979004 0
1421533306135 18291 4 0.24085999 0.07034302 0.33294678 0
1421533306137 18291 11 0.3083866 -0.43951064 -0.71632355 1
1421533306177 18309 2 -17.69867 -42.359924 -6.77948 1
1421533306202 18359 1 0.11656189 8.910446 3.757309 0
1421533306202 18358 4 0.1465149 0.20046997 0.11238098 0
1421533306204 18358 11 0.31077722 -0.44498459 -0.70858186 1
1421533306243 18375 2 -17.999268 -42.23938 -7.3791504 1
1421533306269 18426 1 0.57736206 8.885254 3.2988892 0
1421533306270 18425 4 0.17001343 0.12107849 0.13000488 0
1421533306271 18425 11 0.31472886 -0.44847107 -0.7020827 1
1421533306311 18445 2 -18.539429 -42.17987 -7.258606 1
1421533306336 18494 1 0.55415344 8.90271 3.5518036 0
1421533306337 18493 4 0.064437866 0.098464966 0.060577393 0
1421533306339 18493 11 0.31684864 -0.4513715 -0.6975449 1
1421533306378 18510 2 -19.07959 -41.819763 -7.3791504 1
1421533306403 18561 1 0.26493835 9.022919 3.768219 0
1421533306404 18560 4 0.059814453 0.029037476 0.035827637 0
1421533306406 18560 11 0.3178614 -0.45287186 -0.6952806 1
1421533306451 18577 2 -19.619751 -41.39862 -7.319641 1
1421533306470 18628 1 0.21078491 9.061005 3.8299103 0
1421533306472 18627 4 7.171631E-4 0.16201782 0.026565552 0
1421533306472 18627 11 0.3193805 -0.45287907 -0.6934819 1
1421533306510 18646 2 -20.159912 -41.578674 -7.3791504 1
1421533306538 18695 1 -0.07723999 9.153839 4.201248 0
1421533306540 18694 4 0.028137207 0.20741272 0.029418945 0
1421533306540 18694 11 0.32259506 -0.45085403 -0.6914772 1
1421533306577 18712 2 -20.518494 -41.758728 -7.319641 1
1421533306606 18762 1 0.17745972 9.156616 3.9044952 0
1421533306606 18761 4 0.01727295 0.32081604 0.03742981 0
1421533306608 18761 11 0.32774827 -0.44808498 -0.6879753 1
1421533306676 18778 2 -20.878601 -41.93878 -7.4386597 1
1421533306678 18829 1 0.07450867 9.037201 4.068741 0
1421533306678 18828 4 0.07156372 0.24568176 0.05593872 0
1421533306679 18828 11 0.33317453 -0.44557157 -0.68404496 1
1421533306712 18848 2 -20.999146 -41.758728 -7.6797485 1
1421533306739 18896 1 0.107040405 8.9596405 3.9651947 0
1421533306740 18895 4 0.10609436 0.15133667 0.15457153 0
1421533306742 18895 11 0.33648285 -0.4460369 -0.6793977 1
1421533306777 18913 2 -21.058655 -41.63971 -7.739258 1
1421533306807 18964 1 0.10525513 8.993759 3.706131 0
1421533306808 18962 4 0.07904053 0.2793274 0.13871765 0
1421533306811 18962 11 0.33996 -0.44669876 -0.67347795 1
1421533306854 18980 2 -21.1792 -41.578674 -7.798767 1
1421533306874 19031 1 0.11993408 9.124283 3.6523743 0
1421533306875 19030 4 0.03703308 0.24639893 0.1632843 0
1421533306878 19030 11 0.34396815 -0.44579807 -0.6673156 1
1421533306910 19049 2 -21.299744 -41.519165 -7.8598022 1
1421533306943 19098 1 0.19511414 9.07132 3.7918243 0
1421533306945 19097 4 0.047714233 0.3288269 0.18037415 0
1421533306946 19097 11 0.3475852 -0.44437197 -0.661009 1
1421533306977 19115 2 -21.418762 -41.459656 -8.279419 1
1421533307013 19165 1 0.39883423 9.081238 3.9037018 0
1421533307014 19164 4 0.025817871 0.32258606 0.1634674 0
1421533307016 19164 11 0.35154635 -0.4422672 -0.6544471 1
1421533307087 19181 2 -21.359253 -41.279602 -8.459473 1
1421533307088 19232 1 0.38931274 9.006653 3.8096771 0
1421533307089 19231 4 0.037216187 0.34146118 0.17433167 0
1421533307090 19231 11 0.35566458 -0.43981346 -0.64780265 1
1421533307110 19250 2 -21.598816 -40.859985 -8.938599 1
1421533307142 19299 1 0.36114502 9.032639 3.7065277 0
1421533307143 19298 4 0.019592285 0.33665466 0.17593384 0
1421533307144 19298 11 0.3599713 -0.43710327 -0.6407612 1
1421533307177 19316 2 -21.598816 -40.73944 -9.1796875 1
1421533307220 19366 1 0.6559143 9.074493 3.7005768 0
1421533307222 19365 4 0.009094238 0.40127563 0.19017029 0
1421533307223 19365 11 0.36428815 -0.43378788 -0.6332594 1
1421533307260 19382 2 -21.899414 -40.319824 -9.599304 1
1421533307276 19434 1 0.5122986 9.062592 3.5898895 0
1421533307276 19432 4 0.024215698 0.28912354 0.2015686 0
1421533307278 19432 11 0.3682415 -0.4308442 -0.62553823 1
1421533307310 19452 2 -22.198486 -40.19928 -10.139465 1
1421533307343 19501 1 0.74279785 9.106033 3.978485 0
1421533307343 19500 4 -0.052322388 0.31243896 0.17129517 0
1421533307345 19500 11 0.37010184 -0.4280695 -0.6194512 1
1421533307376 19517 2 -22.499084 -39.718628 -10.739136 1
1421533307410 19568 1 0.50079346 9.017563 3.9671783 0
1421533307411 19567 4 0.008377075 0.40394592 0.16435242 0
1421533307412 19567 11 0.37349692 -0.42355844 -0.6130585 1
1421533307448 19584 2 -22.619629 -39.35852 -11.219788 1
1421533307461 19623 5 3.0 0.0 0.0 0
1421533307477 19635 1 0.6315155 9.066559 3.707718 0
1421533307479 19634 4 0.022079468 0.4853058 0.09706116 0
1421533307480 19634 11 0.3801519 -0.41771236 -0.60508245 1
1421533307510 19654 2 -22.799683 -39.179993 -11.579895 1
1421533307545 19702 1 0.51527405 9.1927185 3.708908 0
1421533307547 19701 4 0.01940918 0.5223236 0.12982178 0
1421533307548 19701 11 0.38838702 -0.4104774 -0.5964028 1
1421533307577 19719 2 -22.918701 -39.05945 -12.179565 1
1421533307612 19769 1 0.6031494 9.133408 3.5996094 0
1421533307614 19768 4 0.08918762 0.5123596 0.11665344 0
1421533307614 19768 11 0.3972792 -0.40373522 -0.5865635 1
1421533307615 19778 5 2.0 0.0 0.0 0
1421533307654 19785 2 -23.039246 -38.938904 -12.838745 1
1421533307679 19836 1 1.3305511 9.2760315 3.717636 0
1421533307681 19835 4 0.10040283 0.37812805 0.17396545 0
1421533307682 19835 11 0.40448487 -0.39987314 -0.57638294 1
1421533307710 19855 2 -23.15979 -38.519287 -13.499451 1
1421533307746 19903 1 0.92489624 8.983246 3.918579 0
1421533307748 19902 4 0.13529968 0.4436493 0.09172058 0
1421533307748 19902 11 0.41127837 -0.39669228 -0.56729823 1
1421533307777 19920 2 -23.098755 -38.75885 -14.099121 1
1421533307813 19971 1 0.82611084 9.068146 3.3103943 0
1421533307813 19970 4 0.12905884 0.47462463 0.10934448 0
1421533307815 19970 11 0.42058158 -0.39201045 -0.55682987 1
1421533307847 19986 2 -22.859192 -38.519287 -14.759827 1
1421533307880 20038 1 1.0839844 9.339905 3.3250732 0
1421533307881 20037 4 -0.020462036 0.3460846 0.05203247 0
1421533307882 20037 11 0.42756778 -0.38656792 -0.548027 1
1421533307910 20056 2 -22.558594 -38.519287 -15.359497 1
1421533307914 20077 5 1.0 0.0 0.0 0
1421533307947 20105 1 0.8641968 9.301025 3.1854248 0
1421533307949 20104 4 -0.015304565 0.049865723 -0.029144287 0
1421533307949 20104 11 0.4303923 -0.3828783 -0.5444073 1
1421533307977 20121 2 -22.439575 -38.398743 -15.838623 1
