1421533337783 -606 5 1.0 0.0 0.0 0
1421533337784 -611 2 15.59906 -33.299255 -32.939148 1
1421533337784 -561 1 0.5472107 9.275436 3.8554993 0
1421533337785 -562 4 -0.108932495 0.058059692 0.058258057 0
1421533337786 -562 11 0.52257866 0.19617496 0.3157731 1
1421533337786 -545 2 15.179443 -33.239746 -33.17871 1
1421533337786 -494 1 0.84872437 9.309555 3.5615234 0
1421533337787 -495 4 -0.06959534 0.0042877197 0.035827637 0
1421533337788 -495 11 0.5206391 0.1949225 0.3184987 1
1421533337788 -475 2 14.759827 -33.17871 -33.47931 1
1421533337789 -427 1 0.73605347 9.04335 3.4107666 0
1421533337789 -428 4 -0.07261658 -0.032546997 -0.0033416748 0
1421533337790 -428 11 0.5195405 0.19318205 0.31915137 1
1421533337790 -7 2 14.039612 -32.759094 -34.318542 1
1421533337834 42 1 0.7491455 9.454559 3.7745667 0
1421533337835 41 4 0.064437866 0.18836975 0.022827148 0
1421533337835 41 11 0.5178876 0.1873511 0.31837225 1
1421533337852 58 2 14.15863 -32.699585 -34.199524 1
1421533337892 109 1 0.8745117 9.390884 3.9255219 0
1421533337893 108 4 -0.06604004 0.112701416 -0.056732178 0
1421533337894 108 11 0.51634824 0.1912635 0.3210328 1
1421533337927 128 2 13.978577 -32.699585 -34.379578 1
1421533337959 177 1 0.59799194 8.968567 4.03244 0
1421533337961 176 4 -0.029891968 0.10292053 -0.05067444 0
1421533337962 176 11 0.51354915 0.19423974 0.32213095 1
1421533337985 193 2 14.219666 -32.458496 -34.318542 1
1421533338026 244 1 1.0629578 9.209381 4.589447 0
1421533338033 243 4 -0.038269043 0.13032532 -0.02468872 0
1421533338034 243 11 0.51071805 0.19732653 0.3249625 1
1421533338052 260 2 14.399719 -32.458496 -34.439087 1
1421533338096 311 1 0.6598816 9.040375 3.9957428 0
1421533338097 310 4 0.07762146 -0.037002563 0.0057373047 0
1421533338098 310 11 0.51072633 0.19860561 0.32572967 1
1421533338144 330 2 14.759827 -32.398987 -34.379578 1
1421533338160 378 1 -0.30516052 8.368515 3.7892456 0
1421533338163 377 4 0.060531616 0.039901733 -0.018630981 0
1421533338164 377 11 0.5122939 0.19945383 0.3241522 1
1421533338185 395 2 14.759827 -32.63855 -34.259033 1
1421533338227 445 1 -0.10044861 8.4934845 4.268097 0
1421533338230 444 4 -0.018676758 -0.05444336 0.12483215 0
1421533338232 444 11 0.5126697 0.1986231 0.32506743 1
1421533338252 461 2 14.6987915 -32.51953 -34.259033 1
1421533338294 512 1 -0.2797699 8.518875 4.4944305 0
1421533338295 511 4 -0.061050415 -0.026138306 0.09529114 0
1421533338296 511 11 0.5120114 0.19539167 0.32709616 1
1421533338342 531 2 14.6987915 -32.339478 -34.259033 1
1421533338361 579 1 0.096725464 9.091553 4.053665 0
1421533338362 578 4 0.023330688 0.07763672 0.14424133 0
1421533338364 578 11 0.5119819 0.19368996 0.33008316 1
1421533338385 596 2 14.759827 -32.218933 -34.498596 1
1421533338429 647 1 -0.13813782 8.923538 4.9895477 0
1421533338429 646 4 -0.09736633 0.07710266 -0.16781616 0
1421533338430 646 11 0.50901455 0.19572172 0.33149275 1
1421533338452 663 2 14.759827 -32.339478 -34.498596 1
1421533338495 714 1 -0.15837097 8.910248 3.9749146 0
1421533338497 713 4 0.011581421 0.12765503 0.0057373047 0
1421533338498 713 11 0.50627184 0.1991897 0.33044738 1
1421533338535 732 2 14.759827 -32.57904 -34.61914 1
1421533338563 781 1 0.029876709 8.835663 4.330185 0
1421533338565 780 4 -0.015472412 0.032592773 0.017852783 0
1421533338566 780 11 0.50507504 0.20099348 0.3319026 1
1421533338587 798 2 14.639282 -32.398987 -34.67865 1
1421533338630 848 1 0.27822876 9.035614 3.9037018 0
1421533338633 847 4 -0.0056915283 0.033493042 -0.021133423 0
1421533338633 847 11 0.50468457 0.20146509 0.33200237 1
1421533338653 864 2 14.518738 -32.218933 -34.799194 1
1421533338697 915 1 0.004486084 8.922943 4.0157776 0
1421533338702 914 4 0.044677734 0.026184082 -0.027893066 0
1421533338703 914 11 0.5047524 0.20265733 0.33103088 1
1421533338749 934 2 14.759827 -32.218933 -34.979248 1
1421533338764 982 1 0.16238403 8.903503 3.6991882 0
1421533338766 981 4 0.013000488 -0.021148682 -0.03555298 0
1421533338767 981 11 0.5056375 0.20323841 0.32929224 1
1421533338786 999 2 14.819336 -32.099915 -35.038757 1
1421533338831 1049 1 -0.42755127 8.85054 3.8916016 0
1421533338832 1048 4 -0.06567383 0.013366699 -0.004760742 0
1421533338833 1048 11 0.50498235 0.20301539 0.32742295 1
1421533338852 1065 2 14.878845 -32.218933 -35.038757 1
1421533338898 1117 1 0.1897583 9.314117 3.9552765 0
1421533338899 1116 4 -0.051620483 -0.04109192 0.3058777 0
1421533338902 1116 11 0.5049915 0.1991319 0.33066532 1
1421533338941 1135 2 14.819336 -32.27997 -35.099792 1
1421533338966 1184 1 0.84991455 9.431351 4.0276794 0
1421533338967 1183 4 -0.055526733 -0.0072784424 0.097595215 0
1421533338968 1183 11 0.50562054 0.19408128 0.33587247 1
1421533338986 1201 2 14.878845 -32.159424 -35.21881 1
1421533339033 1251 1 0.9112091 9.222076 3.7267609 0
1421533339034 1250 4 -8.8500977E-4 -0.08666992 -0.09892273 0
1421533339035 1250 11 0.5060349 0.19212645 0.33517367 1
1421533339052 1267 2 14.878845 -31.97937 -35.398865 1
1421533339101 1318 1 0.25601196 9.019943 3.9526978 0
1421533339104 1317 4 -0.07635498 -0.07936096 -0.20751953 0
1421533339105 1317 11 0.50520396 0.19192746 0.32940865 1
1421533339159 1337 2 14.878845 -32.03888 -35.699463 1
1421533339167 1385 1 -0.44302368 8.528198 3.7577057 0
1421533339167 1384 4 0.14401245 -0.12582397 -0.06616211 0
1421533339169 1384 11 0.5064459 0.19186464 0.3222968 1
1421533339185 1402 2 14.759827 -32.218933 -35.57892 1
1421533339234 1452 1 -0.16471863 8.764053 4.130829 0
1421533339235 1451 4 -0.051086426 -0.18296814 0.0014648438 0
1421533339236 1451 11 0.5089431 0.18885094 0.31770054 1
1421533339252 1468 2 14.399719 -32.03888 -35.57892 1
1421533339301 1519 1 0.09553528 8.974915 4.5696106 0
1421533339302 1518 4 -0.06300354 -0.032546997 0.05718994 0
1421533339303 1518 11 0.50833786 0.18492703 0.3168436 1
1421533339330 1538 2 14.15863 -31.799316 -35.699463 1
1421533339368 1587 1 0.8883972 8.843002 4.9403534 0
1421533339369 1585 4 -0.0388031 -0.04928589 -4.8828125E-4 0
1421533339370 1585 11 0.5068328 0.1828197 0.31877893 1
1421533339385 1603 2 14.279175 -31.678772 -35.758972 1
1421533339436 1654 1 0.9155731 8.740448 4.421631 0
1421533339439 1653 4 0.06854248 -0.09182739 -0.10372925 0
1421533339440 1653 11 0.50734717 0.18188924 0.31726238 1
1421533339461 1669 2 14.279175 -31.678772 -35.879517 1
1421533339508 1721 1 0.10942078 8.408188 4.2879333 0
1421533339509 1720 4 0.027786255 -0.11994934 -0.078445435 0
1421533339510 1720 11 0.50875 0.18119873 0.31267396 1
1421533339561 1739 2 14.219666 -31.739807 -35.57892 1
1421533339570 1788 1 -0.024673462 8.306229 4.640625 0
1421533339572 1787 4 -0.099853516 -0.01260376 0.043655396 0
1421533339573 1787 11 0.50758374 0.17955434 0.31142113 1
1421533339585 1805 2 14.039612 -31.439209 -35.51941 1
1421533339638 1855 1 1.2109375 8.607346 4.659073 0
1421533339640 1854 4 -0.024917603 0.08155823 0.23200989 0
1421533339640 1854 11 0.5058772 0.17737772 0.31785396 1
1421533339652 1871 2 13.919067 -31.259155 -35.279846 1
1421533339704 1922 1 1.2127228 8.644836 4.37323 0
1421533339706 1921 4 -0.07992554 0.039718628 0.06929016 0
1421533339706 1921 11 0.50456357 0.17569466 0.32447428 1
1421533339744 1941 2 13.919067 -30.958557 -35.339355 1
1421533339771 1989 1 1.004837 8.591873 4.538269 0
1421533339773 1988 4 -0.0665741 0.108428955 0.047225952 0
1421533339774 1988 11 0.5018508 0.17578174 0.32876915 1
1421533339785 2006 2 14.039612 -30.958557 -35.51941 1
1421533339841 2057 1 0.9133911 8.642853 4.7023163 0
1421533339841 2055 4 -0.08312988 0.04185486 0.10757446 0
1421533339842 2055 11 0.49909633 0.17559679 0.33346263 1
1421533339852 2072 2 14.219666 -31.079102 -35.398865 1
1421533339906 2124 1 1.4295349 8.916397 4.966934 0
1421533339907 2123 4 -0.082229614 -0.014389038 0.11895752 0
1421533339908 2123 11 0.49701387 0.17305908 0.33888736 1
1421533339965 2142 2 14.039612 -30.899048 -35.398865 1
1421533339972 2191 1 1.0891418 8.984238 4.593811 0
1421533339973 2190 4 0.043441772 0.15686035 0.010192871 0
1421533339975 2190 11 0.49604008 0.17351554 0.34252924 1
1421533339985 2208 2 14.099121 -30.53894 -35.279846 1
1421533340040 2258 1 1.0891418 9.025696 4.324234 0
1421533340040 2257 4 0.057144165 0.12231445 0.004852295 0
1421533340042 2257 11 0.4960334 0.17741661 0.3451501 1
1421533340052 2274 2 14.039612 -30.358887 -35.398865 1
1421533340134 2325 1 0.14492798 8.731125 3.834671 0
1421533340134 2324 4 0.07209778 0.13619995 -0.09037781 0
1421533340134 2324 11 0.4964379 0.18210065 0.3444085 1
1421533340174 2392 1 0.9268799 8.885056 3.898346 0
1421533340174 2391 4 0.0019683838 0.15827942 -0.007247925 0
1421533340176 2391 11 0.495963 0.1868134 0.34528038 1
1421533340185 2409 2 14.338684 -30.178833 -35.639954 1
1421533340242 2459 1 0.8312683 8.674789 4.9006805 0
1421533340243 2458 4 -0.055526733 0.07977295 -0.049972534 0
1421533340244 2458 11 0.49315268 0.18999943 0.34771842 1
1421533340252 2475 2 14.518738 -30.178833 -35.51941 1
1421533340365 2527 1 1.2954407 8.9830475 4.109009 0
1421533340366 2525 4 0.008728027 0.15792847 -0.07115173 0
1421533340367 2525 11 0.491293 0.19333403 0.3489394 1
1421533340368 2566 5 3.0 0.0 0.0 0
1421533340375 2594 1 0.64302063 8.57402 4.5640564 0
1421533340377 2593 4 -0.05303955 0.122680664 -0.14093018 0
1421533340378 2593 11 0.48817793 0.19829957 0.34921592 1
1421533340385 2545 2 14.759827 -29.99878 -35.339355 1
1421533340443 2661 1 0.6547241 8.916397 4.721161 0
1421533340444 2660 4 -0.13154602 0.005722046 -0.046585083 0
1421533340445 2660 11 0.48428857 0.2002025 0.34899467 1
1421533340452 2610 2 14.99939 -29.87976 -35.279846 1
1421533340562 2728 1 -0.078826904 8.486343 5.9662933 0
1421533340562 2727 4 -0.21237183 -0.064590454 -0.12741089 0
1421533340563 2727 11 0.47797668 0.19914769 0.3484883 1
1421533340563 2677 2 15.478516 -29.278564 -35.1593 1
1421533340576 2795 1 -0.034591675 8.418701 5.498749 0
1421533340577 2794 4 -0.076538086 -0.060134888 -0.06866455 0
1421533340578 2794 11 0.47326452 0.19755979 0.34648716 1
1421533340585 2747 2 15.838623 -29.09851 -35.398865 1
1421533340644 2862 1 -0.20240784 8.217361 5.1147156 0
1421533340644 2861 4 0.06515503 -0.036636353 0.07249451 0
1421533340646 2861 11 0.47297847 0.19636375 0.34584737 1
1421533340652 2812 2 16.259766 -28.73993 -35.398865 1
1421533340727 2929 1 0.22566223 8.216766 5.091507 0
1421533340728 2928 4 -0.0030212402 -0.13188171 -0.043563843 0
1421533340728 2928 11 0.47421637 0.19435605 0.34536117 1
1421533340729 2878 2 16.558838 -28.439331 -35.4599 1
1421533340778 2996 1 -0.17146301 8.319122 4.8376007 0
1421533340778 2995 4 -0.08970642 -0.09378052 -0.10372925 0
1421533340780 2995 11 0.47347084 0.19210654 0.34157538 1
1421533340785 2948 2 16.43982 -28.259277 -35.398865 1
1421533340846 3064 1 -0.17900085 8.409973 5.2408752 0
1421533340846 3063 4 -0.15878296 -0.072250366 -0.04890442 0
1421533340848 3063 11 0.47002932 0.18985733 0.3390144 1
1421533340852 3013 2 16.499329 -27.95868 -35.639954 1
1421533340934 3131 1 -0.08061218 8.290558 5.2486115 0
1421533340934 3130 4 -0.07635498 -0.06512451 0.06752014 0
1421533340934 3130 11 0.46718004 0.1866718 0.33899167 1
1421533340935 3080 2 16.43982 -27.359009 -35.879517 1
1421533340979 3198 1 0.40994263 8.439331 4.8988953 0
1421533340980 3197 4 -0.087753296 0.001449585 0.05470276 0
1421533340981 3197 11 0.4657443 0.18381037 0.34082368 1
1421533340985 3149 2 16.139221 -26.939392 -36.05957 1
1421533341051 3265 1 0.12608337 8.239578 5.1496277 0
1421533341087 3264 4 -0.03060913 0.04612732 -0.08343506 0
1421533341087 3264 11 0.4634569 0.18401669 0.34127992 1
1421533341088 3215 2 15.779114 -26.939392 -36.419678 1
1421533341128 3332 1 0.53015137 8.644043 4.8887787 0
1421533341128 3331 4 -0.0023040771 0.012664795 -0.11352539 0
1421533341129 3331 11 0.4623072 0.1859155 0.3394566 1
1421533341129 3281 2 15.7196045 -26.579285 -36.299133 1
1421533341181 3399 1 -0.35276794 8.16658 4.5477905 0
1421533341181 3398 4 0.066223145 0.01159668 -0.22798157 0
1421533341183 3398 11 0.46214443 0.18920024 0.3337682 1
1421533341185 3351 2 15.779114 -26.278687 -36.538696 1
1421533341248 3466 1 -0.0821991 8.640076 5.2672577 0
1421533341249 3465 4 -0.06852722 -0.20523071 -0.110672 0
1421533341250 3465 11 0.46189678 0.18911426 0.32760382 1
1421533341252 3416 2 15.59906 -25.738525 -36.71875 1
1421533341326 3534 1 -0.19248962 9.073303 4.7374268 0
1421533341330 3532 4 0.018341064 -0.23033142 0.016784668 0
1421533341330 3532 11 0.4638807 0.18346745 0.32185146 1
1421533341331 3482 2 15.899658 -25.498962 -36.898804 1
1421533341382 3601 1 0.040985107 9.237747 5.065918 0
1421533341383 3600 4 -0.019577026 -0.21661377 -0.022735596 0
1421533341385 3600 11 0.46658725 0.1772795 0.31760362 1
1421533341385 3552 2 15.899658 -25.2594 -37.139893 1
1421533341450 3668 1 -0.23374939 8.614883 5.045685 0
1421533341451 3667 4 -0.033462524 -0.23727417 -0.11868286 0
1421533341452 3667 11 0.46780917 0.17195007 0.31152788 1
1421533341453 3617 2 15.838623 -25.379944 -37.1994 1
1421533341545 3735 1 0.19630432 8.095169 5.3936157 0
1421533341546 3734 4 0.021194458 -0.05960083 0.022659302 0
1421533341546 3734 11 0.4682701 0.16868271 0.30862254 1
1421533341547 3684 2 16.018677 -25.138855 -37.5 1
1421533341586 3802 1 1.0088043 8.679352 4.7856293 0
1421533341587 3801 4 0.14170837 -0.24510193 -0.0045776367 0
1421533341587 3754 2 15.899658 -24.839783 -37.678528 1
1421533341588 3801 11 0.47241253 0.16496007 0.30702996 1
1421533341651 3869 1 0.2885437 8.08049 5.4856567 0
1421533341653 3868 4 0.040603638 -0.09716797 -0.13951111 0
1421533341654 3819 2 15.478516 -24.778748 -37.979126 1
1421533341655 3868 11 0.47539485 0.16249911 0.3027221 1
1421533341740 3936 1 0.9324341 8.446075 4.5656433 0
1421533341741 3935 4 -0.04182434 -0.14060974 -0.112457275 0
1421533341741 3885 2 14.99939 -24.778748 -38.21869 1
1421533341742 3935 11 0.4762143 0.16095147 0.29823348 1
1421533341786 3955 2 14.819336 -24.659729 -38.15918 1
1421533341786 4004 1 0.6283417 8.230255 5.6423645 0
1421533341788 4002 4 -0.15202332 -0.12512207 -0.099105835 0
1421533341788 4002 11 0.47352266 0.15806037 0.2952448 1
1421533341852 4020 2 14.399719 -24.35913 -38.459778 1
1421533341853 4071 1 0.7535095 8.328445 6.0430603 0
1421533341853 4070 4 -0.11160278 -0.08149719 -0.11921692 0
1421533341855 4070 11 0.4693539 0.15566617 0.29324293 1
1421533341938 4087 2 14.099121 -24.179077 -38.578796 1
1421533341939 4138 1 0.4805603 8.077515 5.0341797 0
1421533341942 4137 4 -0.03327942 -0.022216797 -0.02255249 0
1421533341943 4137 11 0.4673873 0.15450668 0.2913924 1
1421533341985 4156 2 13.978577 -23.939514 -38.819885 1
1421533341987 4205 1 0.621994 8.0316925 5.05838 0
1421533341990 4204 4 -0.21894836 0.03704834 -0.002090454 0
1421533341991 4204 11 0.46372256 0.15347788 0.2925438 1
1421533342052 4222 2 13.55896 -23.699951 -38.819885 1
1421533342055 4272 1 0.89871216 8.2733 5.1587524 0
1421533342058 4271 4 -0.12762451 -0.0024719238 0.039382935 0
1421533342059 4271 11 0.4590143 0.15164435 0.29516643 1
1421533342152 4288 2 13.499451 -23.519897 -38.879395 1
1421533342153 4339 1 0.763031 8.133057 5.9272156 0
1421533342153 4338 4 -0.108047485 -0.011184692 -0.019699097 0
1421533342154 4338 11 0.45529073 0.1500148 0.29737735 1
1421533342155 4379 5 4.0 0.0 0.0 0
1421533342185 4358 2 13.499451 -23.278809 -39.179993 1
1421533342188 4406 1 1.1000519 8.333008 5.3106995 0
1421533342189 4405 4 -0.022247314 -0.007980347 0.07446289 0
1421533342191 4405 11 0.4539339 0.1483213 0.29948625 1
1421533342252 4423 2 13.55896 -22.979736 -39.179993 1
1421533342256 4474 1 1.3519745 8.354828 5.1718445 0
1421533342256 4472 4 -0.042892456 -0.13650513 0.0021820068 0
1421533342260 4472 11 0.45434713 0.14496756 0.300939 1
1421533342306 4529 5 5.0 0.0 0.0 0
1421533342372 4490 2 13.378906 -22.679138 -39.538574 1
1421533342373 4541 1 0.98043823 8.18959 5.415039 0
1421533342373 4540 4 -0.06604004 -0.18563843 -0.06776428 0
1421533342374 4540 11 0.45435184 0.14017808 0.2987217 1
1421533342386 4559 2 13.259888 -22.439575 -39.479065 1
1421533342390 4608 1 1.0595856 8.108261 5.945465 0
1421533342391 4607 4 -1.6784668E-4 -0.41973877 0.0057373047 0
1421533342392 4607 11 0.45581686 0.13177249 0.29480582 1
1421533342452 4625 2 12.95929 -22.019958 -39.65912 1
1421533342457 4675 1 0.578949 8.205063 5.4158325 0
1421533342458 4674 4 0.1511383 -0.08293152 0.23324585 0
1421533342462 4674 11 0.46088713 0.12366361 0.29373488 1
1421533342553 4691 2 12.658691 -21.77887 -39.59961 1
1421533342553 4742 1 1.4142609 8.605362 5.2291718 0
1421533342554 4741 4 -0.12211609 0.22949219 0.17468262 0
1421533342554 4741 11 0.46181712 0.12239608 0.30115932 1
1421533342585 4760 2 12.599182 -21.659851 -39.65912 1
1421533342591 4809 1 0.74617004 7.7361298 6.1466064 0
1421533342593 4808 4 -0.09184265 0.4584198 0.13230896 0
1421533342593 4808 11 0.4550085 0.12856956 0.3120949 1
1421533342652 4826 2 12.478638 -21.598816 -39.65912 1
1421533342659 4876 1 0.46965027 7.882324 6.022827 0
1421533342659 4875 4 -0.09861755 0.2414093 0.18162537 0
1421533342662 4875 11 0.44868273 0.13490148 0.32228678 1
1421533342777 4892 2 12.239075 -21.418762 -39.419556 1
1421533342778 4943 1 0.5023804 7.6631317 6.0997925 0
1421533342779 4942 4 0.009628296 0.19708252 0.23574829 0
1421533342779 4942 11 0.44521704 0.13735846 0.33179855 1
1421533342779 4983 5 7.0 0.0 0.0 0
1421533342785 4962 2 12.11853 -21.11969 -39.419556 1
1421533342792 5011 1 0.45735168 7.7952423 6.238449 0
1421533342792 5010 4 -0.04663086 0.15222168 0.21740723 0
1421533342794 5010 11 0.44299626 0.13861129 0.34076896 1
1421533342852 5027 2 12.239075 -20.939636 -39.35852 1
1421533342859 5078 1 0.2175293 7.485794 6.013504 0
1421533342861 5077 4 -0.011734009 0.04257202 0.15847778 0
1421533342862 5077 11 0.44119027 0.13826741 0.34704924 1
1421533342932 5133 5 9.0 0.0 0.0 0
1421533342932 5094 2 12.359619 -20.698547 -39.05945 1
1421533342933 5145 1 0.2203064 7.598068 5.9978333 0
1421533342933 5144 4 -0.1055603 0.01550293 0.08905029 0
1421533342934 5144 11 0.43921223 0.13666071 0.35045478 1
1421533342985 5163 2 12.599182 -20.458984 -38.819885 1
1421533342993 5212 1 0.29211426 7.652817 6.546112 0
1421533342994 5211 4 -0.14294434 0.13085938 0.066986084 0
1421533342995 5211 11 0.43433487 0.1362534 0.35408464 1
1421533343052 5229 2 12.838745 -20.159912 -38.69934 1
1421533343061 5279 1 0.85150146 7.9168396 6.4384003 0
1421533343062 5278 4 1.5258789E-5 0.047195435 0.14459229 0
1421533343063 5278 11 0.43127152 0.13626672 0.3589139 1
1421533343064 5288 5 14.0 0.0 0.0 0
1421533343154 5295 2 12.95929 -19.799805 -38.459778 1
1421533343155 5346 1 0.12945557 7.698242 6.13649 0
1421533343156 5345 4 0.0060577393 0.16629028 -0.035369873 0
1421533343157 5345 11 0.42981273 0.13862164 0.36104816 1
1421533343186 5365 2 13.139343 -19.378662 -38.09967 1
1421533343196 5413 1 0.73109436 7.989044 5.9004364 0
1421533343197 5412 4 0.02154541 0.18711853 0.07321167 0
1421533343198 5412 11 0.4281701 0.14321361 0.363681 1
1421533343212 5436 5 26.0 0.0 0.0 0
1421533343252 5430 2 13.319397 -19.07959 -38.15918 1
1421533343264 5481 1 0.5543518 8.07196 5.8923035 0
1421533343267 5480 4 0.10646057 0.011947632 0.060928345 0
1421533343269 5480 11 0.42906222 0.1456401 0.36591962 1
1421533343362 5497 2 13.499451 -18.899536 -37.85858 1
1421533343363 5548 1 0.3540039 8.008484 5.4336853 0
1421533343364 5547 4 0.1927948 -0.010467529 0.114151 0
1421533343364 5547 11 0.43382555 0.14614563 0.36619392 1
1421533343365 5587 5 27.0 0.0 0.0 0
1421533343385 5566 2 13.259888 -18.899536 -37.5 1
1421533343396 5615 1 0.7164154 8.255051 5.2825317 0
1421533343397 5614 4 0.20561218 -0.051956177 0.1561737 0
1421533343399 5614 11 0.44074875 0.1455502 0.367261 1
1421533343452 5631 2 13.259888 -18.899536 -37.319946 1
1421533343464 5682 1 0.7787018 8.219543 4.9871674 0
1421533343465 5681 4 0.13279724 0.0028686523 0.08103943 0
1421533343465 5681 11 0.44679773 0.14493653 0.36796305 1
1421533343529 5737 5 13.0 0.0 0.0 0
1421533343530 5698 2 13.259888 -19.1391 -36.95984 1
1421533343532 5749 1 0.5894623 8.078903 5.4622498 0
1421533343532 5748 4 0.029556274 0.05680847 0.052383423 0
1421533343533 5748 11 0.44889805 0.14566372 0.3689076 1
1421533343585 5767 2 13.198853 -19.1391 -36.65924 1
1421533343601 5816 1 1.3170624 8.388351 4.515854 0
1421533343602 5815 4 0.081710815 0.22058105 0.19248962 0
1421533343603 5815 11 0.45040148 0.14765626 0.37294987 1
1421533343652 5833 2 13.259888 -19.198608 -36.59973 1
1421533343667 5883 1 0.37443542 7.8232117 5.622528 0
1421533343670 5882 4 -0.23373413 0.4833374 -0.04196167 0
1421533343671 5892 5 20.0 0.0 0.0 0
1421533343672 5882 11 0.44393566 0.15499745 0.3798454 1
1421533343762 5899 2 13.439941 -19.198608 -36.419678 1
1421533343763 5951 1 0.8036957 8.108856 5.4856567 0
1421533343764 5949 4 -0.16714478 0.29962158 0.103652954 0
1421533343764 5949 11 0.43394217 0.16216606 0.38684162 1
1421533343785 5969 2 13.739014 -18.959045 -35.939026 1
1421533343799 6018 1 0.60691833 7.809128 6.5611877 0
1421533343800 6017 4 -0.11961365 0.15774536 0.050064087 0
1421533343801 6017 11 0.42666072 0.16527587 0.39345095 1
1421533343816 6040 5 31.0 0.0 0.0 0
1421533343852 6035 2 13.978577 -18.899536 -35.758972 1
1421533343867 6085 1 0.85427856 7.8628845 7.083481 0
1421533343868 6084 4 -0.09327698 0.2407074 0.09492493 0
1421533343869 6084 11 0.4204175 0.16808866 0.40009984 1
1421533343931 6101 2 14.338684 -18.778992 -35.51941 1
1421533343933 6152 1 0.4089508 7.764694 6.1706085 0
1421533343934 6151 4 0.16093445 0.20439148 0.13641357 0
1421533343935 6151 11 0.4185237 0.17280431 0.40595067 1
1421533343968 6192 5 8.0 0.0 0.0 0
1421533343985 6171 2 14.93988 -18.47992 -35.279846 1
1421533344001 6219 1 0.53689575 7.591324 6.336441 0
1421533344002 6218 4 0.035079956 0.032958984 0.13729858 0
1421533344003 6218 11 0.4195532 0.17533672 0.4110682 1
1421533344052 6236 2 15.478516 -18.23883 -35.038757 1
1421533344070 6286 1 1.1653137 7.668091 6.0960236 0
1421533344072 6285 4 0.032409668 -0.033432007 0.17396545 0
1421533344073 6285 11 0.4210391 0.17328513 0.41575447 1
1421533344161 6342 5 3.0 0.0 0.0 0
1421533344162 6302 2 16.018677 -17.878723 -35.038757 1
1421533344163 6353 1 0.5581207 7.633377 6.3901978 0
1421533344163 6352 4 -0.14222717 0.07817078 0.035827637 0
1421533344164 6352 11 0.41915455 0.17163919 0.41934538 1
1421533344185 6372 2 16.43982 -17.878723 -34.858704 1
1421533344203 6420 1 1.0746613 7.901169 6.0876923 0
1421533344204 6419 4 -0.10662842 0.117874146 0.14157104 0
1421533344206 6419 11 0.4149686 0.17094177 0.42392522 1
1421533344252 6437 2 16.679382 -17.63916 -34.799194 1
1421533344270 6488 1 1.2732239 7.790085 6.4745026 0
1421533344271 6487 4 -0.106796265 0.059829712 0.10720825 0
1421533344273 6487 11 0.4112555 0.16974059 0.42985162 1
1421533344343 6504 2 17.03949 -17.939758 -34.799194 1
1421533344344 6555 1 1.075058 7.700424 5.6005096 0
1421533344345 6554 4 0.016921997 0.12695313 0.072143555 0
1421533344347 6554 11 0.4096453 0.1699991 0.43337724 1
1421533344385 6573 2 17.338562 -17.759705 -34.67865 1
1421533344404 6622 1 0.96139526 7.635559 5.6729126 0
1421533344405 6621 4 -0.051971436 0.11128235 0.021057129 0
1421533344406 6621 11 0.40800706 0.17198953 0.43597478 1
1421533344452 6639 2 17.57965 -17.759705 -34.61914 1
1421533344472 6689 1 0.93421936 7.7155 5.9387207 0
1421533344472 6688 4 -0.10128784 0.08244324 0.048828125 0
1421533344473 6688 11 0.40492806 0.17272475 0.4384202 1
1421533344555 6705 2 17.759705 -17.759705 -34.61914 1
1421533344556 6756 1 1.1103668 7.5508575 6.646881 0
1421533344556 6755 4 -0.08401489 0.15115356 0.08958435 0
1421533344557 6755 11 0.40067378 0.1733028 0.4432034 1
1421533344572 6796 5 4.0 0.0 0.0 0
1421533344587 6775 2 17.999268 -17.69867 -34.61914 1
1421533344605 6823 1 0.7364502 7.6563873 6.1880646 0
1421533344607 6822 4 -0.08580017 0.30995178 0.06021118 0
1421533344607 6822 11 0.39543626 0.176966 0.44846565 1
1421533344652 6840 2 18.119812 -17.63916 -34.498596 1
1421533344672 6890 1 0.67892456 7.637146 6.7946625 0
1421533344673 6889 4 0.019058228 0.30496216 0.14993286 0
1421533344675 6889 11 0.39000127 0.1830545 0.4558458 1
1421533344765 6906 2 18.598938 -17.399597 -34.498596 1
1421533344768 6958 1 0.91815186 7.8420563 6.3138275 0
1421533344769 6957 4 0.05519104 0.27114868 0.10597229 0
1421533344770 6957 11 0.3874967 0.18914191 0.4626399 1
1421533344785 6976 2 19.018555 -17.338562 -34.199524 1
1421533344808 7025 1 0.55415344 7.517929 6.7004395 0
1421533344808 7024 4 0.045578003 0.26242065 0.055404663 0
1421533344809 7024 11 0.38463083 0.19567794 0.46822515 1
1421533344852 7042 2 19.378662 -17.279053 -34.07898 1
1421533344874 7092 1 0.467865 7.435608 6.7577667 0
1421533344875 7091 4 0.054656982 0.10861206 0.06893921 0
1421533344875 7091 11 0.3827559 0.20035508 0.47232935 1
1421533344969 7108 2 19.799805 -17.399597 -33.839417 1
1421533344970 7159 1 0.43870544 7.3842316 6.5415497 0
1421533344972 7158 4 0.05696106 0.13157654 0.02746582 0
1421533344972 7158 11 0.38210475 0.2035943 0.47499815 1
1421533344985 7178 2 20.27893 -17.279053 -33.659363 1
1421533345008 7226 1 0.37998962 7.424301 6.621292 0
1421533345010 7225 4 0.07548523 0.04612732 0.010910034 0
1421533345011 7225 11 0.38192594 0.20658343 0.47649387 1
1421533345052 7243 2 20.819092 -17.279053 -33.53882 1
1421533345076 7293 1 -0.05343628 7.269577 6.0732117 0
1421533345078 7292 4 0.011047363 0.04006958 0.0062713623 0
1421533345080 7292 11 0.38206428 0.20835134 0.47637817 1
1421533345140 7309 2 21.238708 -17.279053 -33.239746 1
1421533345142 7361 1 0.354599 7.36499 6.539963 0
1421533345144 7359 4 -0.009780884 0.018707275 0.007873535 0
1421533345145 7359 11 0.38108224 0.20893265 0.47727174 1
1421533345186 7379 2 21.71936 -17.338562 -32.998657 1
1421533345209 7428 1 0.66960144 7.497696 5.51799 0
1421533345210 7427 4 -0.16127014 -0.037002563 -0.05744934 0
1421533345212 7427 11 0.3795382 0.20728213 0.47641867 1
1421533345252 7445 2 21.839905 -17.338562 -32.818604 1
1421533345276 7495 1 -0.08755493 7.231491 7.7113037 0
1421533345277 7494 4 -0.23213196 -0.010116577 -0.16033936 0
1421533345278 7494 11 0.37235984 0.20518757 0.47590822 1
1421533345333 7510 2 21.958923 -17.338562 -32.51953 1
1421533345333 7550 5 5.0 0.0 0.0 0
1421533345343 7562 1 0.092559814 7.4217224 6.890274 0
1421533345345 7561 4 0.074417114 -0.007095337 -0.038757324 0
1421533345345 7561 11 0.36912274 0.20503761 0.47407335 1
